200
247 70
229 365
202 497
82 6
264 483
311 427
298 67
50 6
44 102
484 43
444 76
265 98
343 128
422 59
390 383
102 312
266 138
236 110
183 280
86 305
203 363
156 128
70 425
44 398
141 482
67 482
107 26
134 468
211 196
142 354
292 179
399 400
388 299
102 468
249 89
187 350
140 427
402 287
155 295
185 415
134 437
155 233
116 1
486 138
258 201
498 57
47 40
359 142
94 115
375 71
171 0
349 225
457 404
139 167
6 22
399 297
188 174
475 277
463 143
301 351
383 405
6 271
130 30
435 85
67 379
9 27
365 104
148 430
493 291
135 455
442 239
424 220
214 382
247 233
48 365
282 344
295 103
296 393
292 163
85 26
169 444
297 426
369 211
343 420
284 265
82 118
342 122
203 37
38 77
215 107
315 103
170 107
453 87
404 441
136 339
205 446
256 172
20 459
132 431
251 400
166 471
44 467
378 238
33 353
288 24
248 440
420 118
292 105
184 134
148 146
19 275
350 500
284 30
494 48
344 278
223 275
333 369
128 196
300 284
455 401
92 343
450 468
315 52
402 73
418 52
419 192
294 192
346 270
443 63
150 316
293 348
141 319
100 295
435 485
96 423
183 101
74 417
0 22
82 313
203 46
146 345
162 73
54 256
432 294
58 262
349 99
148 36
167 0
43 456
180 423
254 290
71 355
401 39
484 330
402 379
287 155
238 175
347 82
353 124
20 451
295 85
397 328
467 486
86 458
441 456
52 68
101 190
184 45
196 98
342 299
352 129
176 437
453 215
20 326
67 45
177 488
363 491
175 208
419 198
467 169
463 320
128 494
349 448
56 40
213 291
305 430
38 93
430 235
110 204
160 365
434 379
225 26
397 320
398 470
397 386
323 102
135 337
4 353
205 241
264 178

