1 0
0 0
0 0
0 0
0 0
0 0
0 0
0 0
1 0
1 0
0 0
2 0
0 0
1 0
3 0
0 0
0 0
1 0
0 0
1 0
0 0
0 0
1 0
0 0
0 0
1 0
0 0
0 0
0 0
0 0
1 0
5 0
0 0
2 0
3 0
1 0
4 0
0 0
2 0
0 0
1 0
1 0
1 0
1 0
2 0
16 0
1 0
0 0
1 0
0 0
3 0
0 0
0 0
1 0
1 0
0 0
4 0
0 0
0 0
2 0
0 0
7 0
0 0
1 0
9 0
0 0
3 0
0 0
11 0
0 0
0 0
9 0
0 0
0 0
0 0
11 0
5 0
3 0
0 0
28 0
1 0
0 0
32 0
0 0
6 0
0 0
3 0
4 0
5 0
0 0
6 0
1 0
1 0
0 0
5 0
8 0
3 0
0 0
35 0
0 0
1 0
8 0
0 0
0 0
3 0
0 0
3 0
2 0
32 0
0 0
29 0
0 0
11 0
1 0
8 1
0 0
29 0
1 0
5 0
22 0
3 0
0 0
11 0
1 0
3 0
19 0
38 0
2 0
1 0
0 0
4 0
0 0
0 0
0 0
3 0
10 0
40 0
1 0
0 0
0 0
4 0
0 0
2 0
29 0
2 0
0 0
3 0
9 0
4 0
30 0
8 0
5 0
3 0
3 0
14 0
2 0
2 0
3 0
3 0
0 0
0 0
8 0
0 0
20 0
22 0
1 0
3 0
78 0
11 0
1 0
0 0
7 0
0 0
4 0
1 0
1 0
4 0
25 0
15 0
0 0
6 0
25 0
2 0
5 0
0 0
70 0
0 0
0 0
2 0
38 0
2 0
8 0
22 0
79 0
12 0
4 0
12 0
0 0
12 0
8 0
36 0
0 0
3 0
1 0
15 0
