89 106 657310 576
331 0 75 12
1215185 1 44 53
2433904 0 83 106
3370851 1 27 21
3448484 0 30 49
4658558 2 7 19 37 78
4996502 2 11 43 64 45
5028949 2 86 43 89 49
6120626 0 86 20
6751899 2 23 53 68 99
8052243 0 11 21
8350658 1 67 1
8396586 0 63 3
8806299 1 17 37
9612165 2 24 94 50 99
10561221 2 47 47 69 61
11866268 1 22 16
12478565 0 21 58
12995201 0 71 5
13167798 1 17 79
14055399 1 81 33
15269781 1 25 57
16381187 0 80 54
16580221 2 69 31 69 41
16947895 2 50 31 79 93
17676482 0 43 104
18215978 1 39 86
19222245 0 8 95
20143808 1 65 2
20696590 0 36 25
21999445 1 63 98
22102887 1 71 20
22426451 1 5 28
22891868 0 47 64
23533475 2 6 98 65 106
24399210 0 78 45
25109662 0 8 45
25143302 2 80 51 85 82
25324984 2 67 101 70 103
25725127 2 19 34 81 50
26579579 2 62 84 73 104
26800069 2 33 48 61 69
27406100 0 24 36
28687258 2 43 39 86 81
29817234 1 44 62
30712953 0 8 20
31826989 0 49 47
32317742 1 69 7
33510115 1 88 39
34068581 0 14 51
35259968 1 55 40
35728896 2 78 60 87 77
36135886 0 2 74
36789438 2 56 90 83 95
36892686 0 9 1
37550402 0 76 5
37860435 0 45 51
38287566 1 55 69
38866494 2 29 43 37 57
39319265 0 34 66
39965160 1 62 94
40571429 1 18 98
41753510 0 89 16
42121042 2 39 75 76 81
43320099 2 28 81 66 104
44414901 1 47 81
45676414 2 8 85 72 86
45879910 1 35 81
45927463 0 37 41
47003127 2 83 39 84 46
47316359 1 51 60
47771403 2 30 64 44 80
48114663 0 44 23
48683053 0 27 101
49925043 0 64 83
50008420 2 81 98 85 103
50302964 2 69 11 73 29
51355422 0 33 79
52667751 1 46 54
53609582 0 50 36
53944790 2 59 48 68 91
54778847 2 72 103 83 104
55474394 0 48 42
55539610 0 32 95
56143859 0 89 90
57329017 1 50 43
58540137 0 28 68
59598342 2 82 84 83 96
60476716 2 67 66 76 105
61569052 1 51 38
61633745 2 2 91 26 91
62113829 1 18 1
62560492 1 59 74
63758756 0 21 25
64778969 1 6 34
64942212 2 76 53 86 88
65740564 2 10 56 47 84
66513918 1 60 37
67118715 2 34 90 67 96
67686459 0 6 38
68521826 0 52 28
69815266 2 38 5 45 59
70269141 1 23 91
70920426 2 3 89 54 102
71778048 1 28 81
72286533 0 6 20
72556361 1 3 86
72578523 0 54 32
73263744 2 59 78 73 96
73821658 0 80 29
74235809 2 37 42 59 91
75513928 1 40 18
75723492 0 55 67
76454435 1 3 45
77557829 2 15 85 23 101
77780771 2 45 67 83 104
78605369 1 49 76
79405078 0 61 3
80511697 0 16 72
80768502 2 44 105 50 105
81008925 0 2 71
81278189 0 44 94
82291556 0 33 87
82398270 2 57 9 75 46
82778205 0 14 65
83508057 2 75 3 78 8
84203122 2 38 94 72 99
84493809 1 9 68
85404071 1 82 8
85414060 2 56 106 84 106
85902716 2 49 4 63 34
86548372 0 10 56
86979491 1 61 94
88128031 0 80 87
88151251 0 26 98
89416721 2 25 29 66 96
90723958 2 61 48 64 97
91002873 2 86 106 86 106
92094124 2 36 73 78 90
93249905 2 86 66 88 74
93924040 1 14 82
94158516 2 31 37 39 79
94589735 0 26 7
95613219 0 20 13
96005428 2 5 16 26 16
96827798 2 65 51 71 90
97461905 2 32 60 36 70
98249437 0 43 24
99084039 0 31 62
100107958 1 87 75
100386447 1 86 37
101527895 1 67 72
102686305 2 59 6 76 77
103577372 1 14 12
104524520 0 48 64
105757981 2 42 26 77 27
106086978 1 63 22
106786984 0 70 80
107372087 0 21 104
108130177 1 18 52
109297567 2 14 18 24 59
109359510 2 39 81 60 85
110192902 2 80 100 85 104
110639221 0 1 49
110666171 1 3 50
111207851 2 53 25 73 70
111484879 2 59 10 60 82
111775334 0 59 46
112818663 2 35 62 89 93
114070580 2 84 80 85 98
114835255 1 44 78
116080852 1 45 67
116219744 2 78 36 89 50
116719087 1 73 17
116796652 2 21 11 77 38
116974607 0 75 3
118061445 1 21 11
118636984 2 82 26 84 94
119519516 1 75 67
120115022 1 2 76
120399083 2 47 31 48 92
121658495 1 51 84
122028640 1 28 69
122924458 0 36 88
123180756 0 84 92
124102081 0 79 8
124630535 0 14 32
124738372 1 63 80
124900525 0 52 7
125962694 0 6 102
126427810 0 3 60
127539351 1 46 97
128236901 1 82 64
128996618 2 31 49 43 61
129535161 1 1 77
130775857 0 64 44
131718290 2 23 69 89 98
132667838 1 32 79
133947632 0 15 65
134989717 2 47 98 73 98
135879991 2 86 101 86 106
136545951 0 62 60
137791750 1 13 44
138844851 1 53 105
139025235 2 29 12 69 44
139174025 2 6 85 60 86
139982684 2 42 68 51 79
140738173 0 31 11
141964994 0 13 97
143234779 2 23 65 26 79
144173937 0 33 11
145453036 1 70 70
146616550 2 8 15 21 91
147679377 2 54 32 65 69
148742044 1 72 11
148947876 1 12 9
149787183 0 11 16
150974719 2 16 100 86 104
152017030 2 14 105 52 106
152972005 1 45 103
153309729 2 5 18 38 101
153458383 0 63 12
153916771 2 77 75 81 106
154548105 2 22 89 47 89
155430588 2 4 32 78 93
156608956 2 89 91 89 97
157593689 0 72 42
157877114 1 77 19
158430983 2 28 61 40 89
158467648 1 38 32
159381521 0 63 74
160376667 0 70 82
160991293 0 48 2
161847074 2 63 94 66 106
162043662 2 35 82 63 104
162673990 0 14 11
163738446 0 16 21
164941604 2 6 30 17 53
166086969 2 37 17 64 36
167022989 2 53 91 74 99
167324610 0 10 73
168369873 2 14 40 71 50
169401464 1 52 48
169489610 1 25 102
170007136 2 35 103 67 104
170801386 1 27 65
171753192 2 86 8 88 76
171913131 2 68 50 70 50
173223969 1 30 4
173826988 0 64 46
173940828 1 53 36
174670038 0 56 52
174795568 0 29 31
175958979 1 6 2
176572637 0 31 85
177049602 1 48 34
178223435 0 24 41
179020056 2 61 81 84 106
179235155 0 83 52
179692673 2 48 46 69 74
179812558 1 85 46
180592764 1 20 32
181083200 2 35 56 50 92
182285176 1 63 65
183411750 2 5 56 5 73
183471521 1 31 73
184498978 2 15 40 72 106
185677503 1 31 8
186252614 2 81 93 84 102
186779471 1 67 71
187346501 1 31 76
188371851 0 37 61
188812452 0 50 5
189028419 2 30 70 81 77
189241940 2 3 80 63 98
189421948 0 88 76
189740360 1 13 91
190141019 2 42 77 55 82
190609496 2 5 81 22 82
191254248 2 32 61 37 81
192524452 2 37 102 55 103
193821798 2 29 82 71 85
194452346 2 73 43 80 68
195319289 2 5 5 45 70
195350815 1 3 69
196275766 1 4 58
197142882 1 29 104
197575339 0 63 92
198649634 2 83 30 83 30
198835538 2 20 14 70 77
198940615 1 89 105
199707817 1 46 63
199855228 1 62 81
200813973 1 37 99
201276806 2 37 53 66 54
201835239 2 5 84 81 101
201950959 0 63 33
201963144 2 27 33 29 90
203148551 1 11 75
204354392 0 32 106
205512682 0 42 74
206074689 2 34 37 51 87
206250746 0 51 66
206656763 2 74 104 76 106
206667950 0 86 34
207511739 0 80 1
208524834 0 62 72
209746094 0 63 20
209954346 1 44 42
210971420 2 20 35 82 79
211916604 0 55 99
212849565 1 16 77
213014077 0 27 63
214254831 0 67 65
215068590 0 54 39
216311386 2 41 51 43 99
217499464 1 58 21
218113841 0 57 12
219073581 1 45 38
219952959 1 9 31
221220240 0 16 2
222240744 2 37 48 50 91
223222760 0 75 66
223764623 2 17 12 45 90
224772961 0 32 64
225885504 2 56 74 69 105
227124777 2 76 98 87 104
227266403 1 64 76
227992733 2 32 40 79 60
228024938 0 10 72
228770171 2 7 93 11 106
229702874 1 67 94
230066353 0 34 42
231376337 2 76 24 87 48
231782537 0 67 42
232225022 0 82 22
232369691 2 13 62 63 89
233136143 0 49 82
233347529 1 63 74
234270750 1 15 78
234272725 0 73 63
234697324 2 5 23 54 76
234986616 0 79 62
236121613 2 15 51 68 55
236702655 2 88 19 89 88
236942433 1 67 91
237389000 2 22 102 57 103
237995332 1 24 2
238926971 0 38 4
240177017 0 83 7
240446162 0 15 78
240679394 1 9 62
241972860 2 28 81 40 100
242891045 1 62 100
242964541 0 68 25
243481942 0 6 11
244117796 1 69 105
244397620 0 29 35
245282690 1 27 76
246244834 0 53 22
246461699 0 23 23
247045699 0 65 32
247391051 2 9 98 16 102
248333068 1 87 34
249580577 0 72 86
250571191 2 69 30 72 31
251479711 2 48 103 60 103
252295407 1 41 19
253059089 2 9 73 85 78
253606966 2 40 59 78 76
254866087 2 51 2 87 75
256065888 2 68 11 80 13
256160217 1 7 34
256231876 0 52 25
257340160 2 47 61 54 63
258428283 1 56 77
259132057 1 12 62
260385540 1 36 82
260552137 1 66 54
260598415 0 32 73
260966721 2 20 103 20 106
262124126 0 57 47
262857278 1 83 105
263443242 0 40 94
263825864 2 56 3 67 17
264677629 2 88 96 89 106
265027857 0 68 82
265077342 2 68 24 85 37
265795542 1 3 21
266901337 1 70 55
267673770 0 69 1
268806712 1 15 9
269509664 2 17 8 59 58
270138046 1 74 74
270189786 0 67 75
271343918 1 7 21
272603715 2 14 95 43 99
273329547 0 81 52
273365376 2 50 81 53 103
274125920 2 18 96 64 101
274319430 2 5 94 83 102
274957870 0 48 49
275103685 0 68 91
276264224 1 30 32
277293911 1 59 35
278263174 2 60 1 71 5
278483096 1 4 29
278528350 2 16 6 47 82
279524343 0 59 43
280340159 1 64 37
280830717 1 66 69
282111033 2 80 10 89 70
282600636 0 20 26
283124987 2 80 17 82 98
284043475 2 18 69 42 79
285158877 1 1 17
285782347 0 58 16
286250167 0 86 27
287459435 0 88 103
288478935 0 38 12
289110617 1 72 4
290297575 0 39 85
291537356 1 52 57
292641358 0 53 21
293910935 0 84 37
294576951 1 73 10
294978962 1 1 93
295155827 0 37 56
296132230 2 40 29 73 35
296471843 1 50 54
297073599 1 74 68
297089147 1 88 20
297501182 2 1 41 23 90
298076543 2 34 98 87 105
298144779 1 70 68
298892791 2 63 87 75 106
299739115 2 44 49 62 57
300936433 0 25 22
301132748 2 69 80 75 87
302055350 2 89 92 89 99
302061148 0 1 74
302609890 0 73 66
303496231 2 5 35 5 59
304738915 2 27 88 69 102
304741544 0 82 67
305679907 0 87 33
305839131 1 15 55
305910751 0 65 87
306118680 2 14 102 18 104
306243509 2 40 33 64 80
306566818 1 25 12
307359897 0 22 4
307432319 2 38 34 66 86
308300161 0 75 25
309151914 2 80 92 87 104
310260233 1 60 5
310465069 2 42 94 74 104
311367679 1 25 53
312212845 0 84 25
313298852 1 41 33
314150567 2 3 23 84 81
314974001 2 56 28 79 54
315469182 0 65 83
316081795 0 45 69
316562356 1 82 93
317451774 0 77 64
318304444 1 26 98
319373539 0 64 67
319820935 1 10 68
320562944 2 47 14 47 84
321834785 2 84 105 84 106
323069161 0 33 92
323707293 2 41 42 48 93
324842931 0 35 28
325731350 0 36 87
326722086 2 7 76 7 83
327947492 0 69 66
328217039 0 67 56
328300798 2 40 69 75 78
329139762 0 89 88
330196646 2 50 57 53 94
330325790 2 19 88 46 90
331379616 1 15 104
331685791 2 35 92 80 103
331839924 0 21 98
332385840 1 5 24
332399391 2 43 28 63 105
332803409 2 1 7 12 80
333378179 2 30 17 78 17
333720427 0 69 9
334762333 0 20 23
335482513 0 8 84
336352826 1 41 50
336955619 2 27 92 73 99
337439410 1 82 84
338138797 0 88 60
338991852 0 78 44
339358632 2 43 48 71 94
339491510 2 73 15 83 26
339664885 2 51 78 65 104
339937544 2 71 95 72 100
340821754 0 45 44
341999950 2 19 33 78 96
343252066 1 77 63
343537372 0 49 67
344408836 1 88 24
345260687 1 6 87
346542081 2 77 96 77 101
347512484 0 30 2
348768197 0 71 76
349023557 0 36 75
349677922 1 20 58
350902083 0 14 49
351110299 2 78 42 86 43
351780661 2 25 86 58 87
352434922 2 26 43 87 67
353282020 1 28 77
353888136 2 50 79 64 93
353940428 0 36 31
354190014 0 81 106
354224834 1 71 98
354367745 0 2 72
355029616 0 9 105
356293182 0 38 10
357543265 1 87 81
358746011 0 23 1
359702184 0 34 85
360436320 1 55 99
361136426 0 84 87
361484729 2 29 75 36 92
362457942 2 49 42 67 102
363533478 1 43 10
364054673 0 47 77
364410695 1 82 88
365386545 1 76 16
365699090 0 68 21
366979729 2 1 37 79 85
367114783 0 1 59
367952365 1 52 29
368868040 1 27 66
370105399 2 16 11 43 27
370153497 0 27 92
370503625 1 76 30
371302660 0 17 7
372484149 0 73 93
372970429 0 36 55
374163258 0 79 43
375053189 0 14 55
375515809 2 41 73 56 102
376708328 1 72 67
377017075 0 47 74
377234655 1 81 94
377928083 1 39 77
378048035 2 17 9 39 29
378473487 1 68 56
379571864 0 17 79
379970311 2 74 103 77 104
381211163 0 37 81
381740041 1 8 24
382733857 2 67 54 78 83
383151994 0 73 106
383332194 2 72 42 78 92
383480044 2 44 48 88 85
384671896 1 79 26
385777294 0 42 30
386487942 0 46 100
387178624 2 19 17 19 41
387664737 1 57 52
388114445 1 67 86
388348070 2 7 98 23 106
389606017 0 32 23
390627400 1 36 26
390949804 2 75 78 83 89
391521781 2 46 23 65 51
392662797 1 9 21
393459305 1 28 19