1000 1000 20
198 828 157
366 747 20
284 153 33
93 332 195
403 284 66
581 962 61
338 989 603
778 887 271
221 493 117
311 856 348
6 393 128
766 261 50
889 644 256
819 598 107
486 477 90
96 113 17
379 491 428
301 492 80
519 149 370
495 96 113
519 119 66
172 96 130
152 498 533
546 144 235
508 961 233
136 500 493
758 377 696
804 130 113
881 230 337
240 504 194
683 915 187
52 356 1282
377 935 60
775 423 199
404 46 105
791 826 196
25 94 1106
228 792 127
380 137 166
940 823 488
520 955 165
845 187 71
502 88 119
134 272 65
73 61 302
174 548 448
446 572 49
686 204 460
939 996 346
811 979 101
986 31 70
274 691 283
612 35 126
962 598 71
717 723 38
656 423 128
553 974 129
986 569 39
143 868 36
755 767 382
896 601 56
563 907 306
129 825 108
358 350 478
703 558 392
939 650 189
546 444 450
831 789 34
188 821 154
19 529 6
772 496 71
159 787 199
83 510 305
727 87 95
879 487 437
908 975 317
49 438 14
822 572 114
792 270 86
490 397 87
577 814 360
827 403 155
59 637 42
595 514 33
400 856 333
476 510 273
557 917 58
231 109 176
587 360 151
394 480 444
403 948 338
36 919 949
531 272 139
137 761 126
441 919 184
972 662 344
337 843 88
915 426 176
754 524 305
625 664 406
718 93 148
668 608 9
677 954 115
888 129 120
16 718 245
925 117 30
779 377 14
841 230 108
315 553 144
809 507 121
497 940 9
693 588 365
70 294 493
768 960 47
200 376 482
0 608 199
924 782 364
935 813 11
696 97 1255
470 395 57
418 272 162
722 684 297
847 650 142
483 959 198
507 655 273
856 553 1
552 147 39
128 428 83
325 825 333
759 982 176
416 117 139
275 861 144
576 920 187
94 806 474
855 659 25
361 550 47
774 269 449
157 706 8
281 915 225
889 18 318
268 180 51
726 555 88
791 763 406
303 639 77
501 982 76
789 358 50
804 453 313
164 347 154
585 157 79
700 952 352
1 15 233
135 632 261
699 488 369
963 747 35
783 394 445
582 694 292
32 80 133
885 974 140
1000 402 313
478 625 1110
613 663 13
333 784 351
830 119 199
703 475 392
343 947 1160
115 34 244
943 903 232
594 928 126
764 452 94
953 745 170
153 397 12
924 631 104
552 476 198
80 198 79
138 435 19
333 525 329
598 711 186
992 236 430
331 246 72
53 289 310
958 945 174
520 748 257
191 448 99
605 886 132
441 626 78
962 181 318
962 322 916
186 729 37
117 116 108
425 299 416
359 200 31
564 900 163
855 750 22
132 836 451
328 75 427
230 275 141
941 149 188
542 42 490
255 705 9
206 394 195
730 335 15
294 222 189
588 709 63
132 249 15
352 526 56
44 939 37
864 567 188
74 775 14
759 772 176
721 757 149
48 698 1432
219 378 110
899 106 413
52 825 69
376 20 104
679 195 17
863 743 374
648 470 232
831 269 179
413 643 185
843 135 123
221 59 72
640 40 107
790 505 191
469 953 16
35 73 64
934 448 106
143 64 379
187 564 52
637 333 464
258 384 1013
507 680 108
193 902 262
89 80 327
622 11 1404
669 484 159
126 216 58
831 56 396
697 47 198
56 783 145
943 540 98
818 140 159
843 890 896
34 103 30
842 77 239
333 134 22
360 672 7
485 261 20
405 901 432
562 860 1044
615 443 41
495 658 163
532 411 72
44 183 54
760 408 189
961 426 427
725 518 139
944 803 188
847 913 200
358 497 27
815 311 83
142 837 61
485 717 335
417 232 897
158 666 170
651 989 481
153 524 270
609 190 1027
366 546 57
156 19 185
471 805 181
926 584 90
815 865 137
457 769 64
968 284 476
70 272 434
77 251 608
82 708 172
201 861 1496
698 285 77
815 743 64
206 464 6
518 706 435
731 697 393
558 855 454
123 841 2
470 223 410
913 449 80
402 366 150
42 863 46
765 365 51
90 23 85
306 606 178
705 828 1281
595 485 58
301 924 84
969 152 423
531 936 185
456 290 150
866 560 475
722 150 144
976 896 119
373 999 113
918 103 133
628 860 44
389 749 67
420 900 3
171 383 160
217 557 79
93 942 334
837 22 162
309 866 44
796 88 404
36 366 71
558 334 399
465 655 45
882 8 626
569 546 35
435 46 340
641 572 50
485 122 75
969 483 1470
155 929 384
92 972 90
214 850 165
291 433 289
24 409 84
630 692 133
179 369 82
137 912 126
560 246 177
592 413 331
803 974 134
326 903 481
846 930 99
214 402 127
74 120 183
377 896 171
91 939 180
919 524 527
192 214 36
863 663 29
634 903 157
101 100 82
333 130 16
777 419 171
553 574 480
962 338 138
476 935 468
198 825 139
940 81 1068
548 65 15
678 481 189
361 722 270
473 611 35
226 415 228
544 664 491
744 414 1
970 741 167
292 347 101
239 547 289
210 89 109
31 166 207
812 413 481
98 847 43
752 289 444
470 538 22
578 161 72
788 115 96
950 672 403
486 155 89
162 16 426
935 335 166
187 624 155
414 747 46
932 581 51
668 871 974
941 207 150
64 167 166
145 411 745
17 839 341
566 774 192
159 948 51
166 936 648
647 410 19
778 684 151
427 374 323
221 346 193
449 34 318
102 443 266
275 418 35
988 797 126
642 339 193
783 674 191
920 720 89
818 80 283
513 84 98
495 624 346
819 307 165
545 201 53
497 82 70
893 284 204
746 385 26
362 108 366
45 19 60
602 364 486
304 173 70
948 443 1222
661 47 192
783 910 304
102 41 13
997 931 129
555 62 288
989 18 17
858 407 307
920 105 35
134 731 1
562 976 901
620 186 133
950 902 267
256 969 142
19 381 57
294 408 306
20 205 219
204 134 135
823 441 218
234 820 495
672 862 107
805 265 9
583 414 389
421 160 133
949 61 432
207 219 456
645 791 52
777 603 152
377 386 183
349 336 19
753 59 97
549 417 330
74 190 29
0 265 38
320 855 173
448 174 298
955 534 336
544 880 419
851 729 25
921 597 56
413 954 156
318 440 288
749 227 198
722 946 154
670 65 543
396 245 93
865 847 253
6 94 17
774 258 39
931 899 217
343 571 144
70 383 153
747 869 47
988 234 487
875 7 3
60 324 1222
661 515 111
820 538 431
989 904 144
576 527 118
182 290 55
301 247 15
199 305 490
592 301 76
517 771 136
427 677 391
591 442 118
45 550 65
694 979 55
773 625 36
939 298 168
560 609 225
101 167 400
807 996 102
203 121 303
58 98 125
359 81 1190
283 571 193
929 938 37
474 311 202
717 94 327
146 363 131
737 520 82
306 781 231
744 203 64
677 395 216
268 502 321
324 330 41
788 359 1434
840 376 190
195 565 137
490 644 71
184 823 3
304 217 65
929 673 24
365 203 15
799 854 344
566 979 37
447 971 61
740 983 276
726 793 37
209 97 214
328 305 23
433 370 165
767 908 376
560 369 172
757 990 196
263 903 345
143 559 29
873 384 152
448 46 394
46 835 453
107 134 356
21 294 334
752 976 436
981 870 391
302 222 446
495 310 58
703 788 100
783 153 97
612 484 301
138 174 333
89 472 498
517 975 27
625 145 62
723 16 77
478 908 155
266 51 14
82 837 88
13 429 117
611 512 214
549 769 344
602 858 57
991 778 66
85 60 365
102 629 111
935 621 169
285 842 356
961 852 109
341 258 372
405 456 32
924 381 65
83 4 252
432 684 119
123 762 178
958 933 39
319 405 278
674 439 316
297 630 103
966 769 183
978 488 236
639 958 156
477 207 95
459 632 1
297 893 71
857 98 1066
236 176 374
485 52 416
418 252 310
142 895 165
921 921 170
383 88 73
19 769 482
3 603 463
376 114 38
653 667 204
201 145 181
495 364 409
879 882 258
323 116 23
150 978 112
575 75 127
170 899 143
365 829 109
772 65 182
112 437 82
604 880 379
801 193 53
724 549 89
867 141 191
706 66 389
931 378 74
403 218 65
436 420 81
714 366 473
889 955 81
863 129 145
598 639 148
343 981 133
428 564 113
232 672 20
550 514 465
72 695 171
727 697 52
582 529 442
680 998 125
922 626 319
682 66 111
640 854 97
553 607 182
143 882 42
411 844 413
566 868 398
682 101 99
635 299 162
985 222 145
361 109 183
373 307 174
536 897 401
550 381 65
837 109 125
678 124 61
52 284 425
602 461 257
752 779 463
173 686 120
181 10 851
590 601 406
344 243 318
50 621 196
729 335 75
985 329 288
208 925 164
420 912 25
497 305 492
188 946 434
428 207 403
869 981 124
708 141 287
239 495 47
91 162 71
107 972 407
4 482 85
665 891 10
544 499 236
777 9 102
304 398 2
234 904 182
735 629 148
587 924 99
718 820 299
860 33 166
126 434 2
670 731 421
876 699 242
3 608 110
356 365 80
12 489 17
904 404 17
632 931 127
300 710 21
175 730 109
217 270 51
317 490 82
717 564 277
664 213 52
944 470 9
197 630 88
81 589 179
497 212 303
669 699 119
330 538 9
562 421 300
173 118 241
421 255 132
745 918 12
957 386 44
619 173 22
390 12 77
144 254 211
355 984 355
303 236 294
875 906 81
528 36 60
641 32 174
219 896 938
261 505 211
710 474 61
17 884 169
723 515 68
97 647 61
66 786 161
228 7 199
367 430 268
273 633 201
350 701 74
690 130 193
848 628 210
919 274 124
187 650 35
959 113 45
812 992 39
817 657 174
868 10 42
220 968 163
77 574 189
387 518 211
45 195 345
779 38 74
988 547 163
828 285 459
362 369 237
483 369 89
895 889 376
383 34 170
189 662 189
799 633 434
490 548 437
973 1 261
269 806 170
387 0 18
92 148 176
384 508 124
594 424 346
115 657 261
616 120 47
361 360 385
875 16 200
183 237 314
981 916 285
385 211 75
764 169 165
286 934 96
648 936 284
721 341 94
22 996 485
345 4 302
822 704 837
944 645 160
148 799 364
794 631 53
641 889 178
823 284 25
720 971 459
266 92 78
521 47 172
559 721 153
726 965 14
168 447 223
815 117 168
425 344 82
0 538 32
229 673 59
685 948 156
931 740 172
887 113 103
351 286 107
135 11 26
485 272 259
48 935 274
803 775 4
82 473 417
655 478 717
204 479 358
748 832 148
238 107 204
769 698 181
363 916 471
934 597 116
592 977 16
283 173 19
644 4 374
660 429 140
616 686 50
658 628 23
417 594 34
64 704 835
393 286 178
946 221 176
788 158 443
418 940 163
234 501 402
155 9 332
596 472 190
284 132 760
665 31 658
307 523 926
205 626 9
379 24 291
107 111 229
454 121 164
219 958 107
958 380 223
469 748 455
882 49 561
751 912 448
636 385 376
184 592 111
428 821 152
181 15 160
723 736 176
687 790 193
220 602 347
122 253 308
474 768 43
584 531 437
549 616 104
279 673 353
787 99 241
92 930 34
76 496 91
5 385 125
833 19 447
517 870 171
105 328 61
250 338 114
497 355 54
973 692 66
341 129 273
846 969 125
506 982 187
844 992 107
421 399 89
443 32 11
476 644 141
702 576 79
205 485 160
500 128 71
617 739 433
941 552 385
305 436 49
767 305 366
483 329 42
302 762 134
731 585 146
264 695 116
692 145 955
20 949 335
698 495 118
446 270 122
767 749 79
702 222 174
66 519 174
682 983 34
621 5 74
550 157 479
28 534 189
115 348 358
424 725 237
779 666 89
503 460 90
69 270 1008
57 527 8
931 864 14
64 834 120
117 165 47
650 805 434
297 836 609
268 176 276
378 734 28
652 225 104
310 998 312
763 585 226
828 211 115
558 721 52
749 570 140
309 450 34
367 946 848
955 669 77
936 89 74
112 882 76
266 253 726
802 802 167
255 35 113
818 290 170
836 424 453
633 391 207
324 229 64
874 584 1115
645 850 111
555 850 887
90 369 136
886 450 292
595 280 407
52 298 1420
415 463 15
874 440 325
224 919 189
437 643 20
674 884 169
793 241 50
69 916 200
280 202 398
399 73 162
372 38 312
643 73 18
176 929 117
952 964 199
254 606 371
918 293 312
610 959 73
260 838 285
593 655 122
722 564 430
276 460 177
611 280 217
335 591 32
795 947 258
640 735 95
110 557 94
83 602 38
793 391 66
123 288 68
209 484 56
296 288 104
862 697 60
61 253 410
932 633 128
229 797 199
747 223 457
212 582 220
304 324 838
551 520 88
746 760 400
384 538 233
811 568 95
259 355 87
304 92 373
554 530 120
859 521 180
222 759 65
241 143 159
311 360 141
178 340 59
575 551 1264
242 244 89
409 70 186
710 307 338
425 778 64
757 352 72
718 224 233
623 672 112
895 135 125
968 937 10
617 105 131
58 319 41
136 514 111
562 532 23
369 898 125
79 246 43
656 758 59
984 423 223
94 927 287
803 217 390
330 807 485
141 201 120
295 793 225
468 390 67
770 974 337
913 343 191
909 796 133
94 30 87
874 623 186
167 949 56
61 102 42
905 528 404
456 598 978
712 196 356
718 608 875
471 585 340
983 680 269
856 962 156
15 374 123
813 816 621
670 505 480
516 308 174
952 35 81
691 906 59
336 241 48
964 538 233
667 645 90
203 338 133
595 975 357
619 855 52
0 340 19
6 389 283
82 648 198
366 497 92
703 514 142
486 100 39
769 35 1079
225 286 376
737 129 80
954 210 68
937 763 13
362 986 1421
416 201 137
558 901 181
215 548 89
379 476 466
142 699 369
901 887 394
799 43 352
1 1 2 4 1 5 2 8 4 9 2 12 6 10 5 9 2 12 11
1 1 1 2 3 3 6 6 9 1 8 7 8 9 4 7 4 7 16
1 1 1 3 4 5 3 5 1 2 9 10 5 8 9 9 8 2 1
1 1 1 2 4 3 6 5 1 10 8 7 7 7 6 2 6 6 10
1 2 3 4 4 1 4 4 4 9 9 8 13 5 1 1 13 11 9
1 1 1 2 1 1 2 4 1 1 1 2 3 9 8 8 3 5 2
1 1 3 1 1 6 2 8 7 5 2 8 2 1 7 13 8 11 9
1 1 3 2 4 3 6 5 2 4 1 2 9 1 11 10 8 6 18
1 1 3 2 5 6 5 7 8 3 1 5 9 7 4 8 6 10 17
1 1 3 2 3 1 4 8 4 8 11 7 6 4 14 9 5 1 7
1 2 2 1 2 3 5 2 5 7 4 1 3 7 7 10 5 9 9
1 2 1 2 4 1 1 2 6 6 4 11 3 14 4 8 1 18 3
1 2 1 4 3 1 5 2 3 10 6 2 8 12 5 15 3 8 9
1 2 1 3 1 5 3 7 5 9 7 10 12 3 15 2 12 10 19
1 2 2 4 2 2 6 2 8 10 10 9 3 6 4 13 15 17 19
1 1 3 2 1 2 1 8 2 4 2 9 9 9 11 13 5 2 7
1 1 2 1 2 3 4 3 4 9 9 4 13 8 3 7 12 17 7
1 2 3 4 3 1 5 2 9 5 7 5 9 7 11 13 7 6 14
1 1 3 4 1 1 2 7 6 5 5 5 10 14 11 16 16 17 12
1 2 2 3 4 3 1 5 2 2 9 5 4 3 14 2 4 13 6
1 2 1 3 5 6 2 6 8 8 3 7 3 11 4 1 9 13 3
1 1 2 2 4 6 2 1 4 4 2 3 7 11 5 14 16 18 4
1 2 3 4 1 1 1 4 2 8 9 9 6 14 9 9 13 12 5
1 1 3 2 2 2 6 4 4 1 6 12 9 4 6 9 17 5 7
1 2 2 2 5 5 3 4 2 6 8 11 4 3 10 11 14 7 11
1 1 1 2 3 1 4 8 1 6 1 10 11 8 2 12 5 3 8
1 1 3 2 4 5 4 1 2 1 2 1 3 8 11 16 17 11 17
1 2 2 1 1 1 6 2 5 5 4 2 4 2 8 10 17 6 7
1 2 3 3 5 5 2 6 5 3 6 4 1 4 14 3 14 8 14
1 1 1 4 2 1 7 3 8 9 11 2 13 14 8 13 1 9 8
1 2 2 4 4 5 3 8 7 6 5 11 4 5 12 2 12 9 19
1 1 2 2 2 6 5 5 1 9 6 3 11 1 11 7 5 9 3
1 1 1 2 5 3 4 1 5 10 6 10 9 5 11 9 13 6 11
1 2 3 2 3 2 2 5 6 3 7 9 9 6 7 7 2 5 16
1 1 1 4 3 1 3 1 5 7 8 2 13 1 2 16 16 6 13
1 2 3 3 3 1 5 4 9 9 4 12 3 2 2 4 10 13 11
1 2 2 2 5 3 6 7 7 6 10 4 1 14 10 4 13 18 19
1 1 2 4 5 4 5 6 8 1 11 7 10 5 12 15 9 16 10
1 2 2 2 4 3 5 6 2 7 3 10 12 4 3 9 4 6 3
1 1 1 3 2 6 2 5 9 9 10 4 12 14 14 13 13 1 16
1 2 2 1 1 6 6 8 6 7 4 5 8 2 1 3 10 2 13
1 2 2 3 5 6 4 3 6 6 4 3 10 10 13 10 11 9 16
1 1 2 3 5 3 5 5 4 3 2 8 10 8 10 13 16 13 13
1 1 2 4 2 5 4 6 1 1 6 6 10 1 1 1 8 14 12
1 2 3 4 3 1 2 3 6 2 1 6 11 3 8 5 15 18 4
1 1 2 3 4 2 6 5 2 9 3 7 6 13 1 16 13 12 7
1 1 3 4 5 5 4 1 8 6 5 6 11 9 14 5 4 14 2
1 1 1 1 4 4 3 6 3 6 2 8 5 9 4 7 11 15 14
1 1 2 4 3 6 7 7 6 10 6 7 2 5 7 10 15 5 8
1 2 1 2 4 4 4 7 8 5 1 9 3 4 7 14 7 7 16
1 2 2 1 4 3 7 8 9 6 7 1 6 14 12 14 3 5 3
1 1 1 4 5 1 1 7 5 10 2 2 4 10 9 3 14 7 4
1 1 3 1 4 6 5 5 6 9 9 5 11 3 7 6 3 4 13
1 2 1 1 5 4 4 8 4 1 9 10 13 13 9 15 2 12 9
1 2 3 2 1 5 7 8 6 9 10 12 11 4 2 13 10 9 6
1 2 3 1 4 5 7 1 8 1 4 7 8 8 5 2 7 12 19
1 1 2 4 4 3 6 8 8 1 9 12 8 12 11 9 8 5 10
1 1 3 1 2 5 7 7 4 9 2 6 1 5 1 15 5 6 10
1 2 3 1 5 5 6 2 2 8 10 11 4 9 2 3 15 6 2
1 2 2 3 4 2 7 6 9 2 1 3 9 10 9 15 14 12 8
1 1 2 4 2 6 2 3 9 6 9 2 7 12 9 9 6 18 15
1 1 3 3 3 6 6 6 9 10 5 2 1 6 8 16 1 12 1
1 2 1 2 2 1 4 7 6 1 3 1 2 4 2 14 7 8 2
1 1 2 3 1 2 4 7 5 2 7 1 12 3 15 16 3 15 15
1 1 2 4 3 5 3 8 2 6 11 3 9 3 11 10 5 5 7
1 1 2 4 3 2 2 4 2 4 11 9 7 1 1 11 7 18 1
1 1 3 4 2 6 1 1 4 1 1 3 7 11 14 16 16 16 17
1 2 1 1 5 5 4 3 6 2 11 6 10 8 10 2 2 4 9
1 2 1 4 5 3 4 5 7 8 6 12 7 1 6 15 15 14 9
1 2 3 3 2 6 1 7 5 9 11 6 12 8 11 3 2 1 1
1 2 3 2 1 5 3 4 2 5 5 6 11 8 5 1 1 11 12
1 2 2 2 1 1 7 5 6 3 9 9 12 7 10 16 9 15 9
1 2 3 3 5 2 7 5 8 6 4 1 6 8 1 3 8 13 10
1 1 1 2 1 1 7 7 5 5 9 9 6 6 8 16 3 15 14
1 1 1 3 3 3 7 2 7 3 6 11 8 5 4 7 2 2 10
1 1 2 2 4 2 2 1 4 7 10 3 1 6 13 15 2 4 9
1 2 3 1 3 6 4 1 3 1 5 2 12 10 8 9 6 1 14
1 1 2 2 2 1 7 1 2 9 3 7 5 11 14 13 3 17 7
1 1 3 4 2 5 4 1 2 9 1 8 5 5 15 11 17 16 10
1 2 3 2 5 2 4 5 2 4 11 11 3 5 6 2 14 17 8
1 1 3 4 3 6 3 1 8 5 1 10 7 3 1 12 2 17 1
1 2 1 1 3 3 5 4 8 8 1 5 1 1 1 5 5 14 1
1 2 2 3 1 6 6 5 9 3 4 1 10 10 9 2 14 6 13
1 1 3 2 5 2 4 5 3 5 8 5 13 4 6 10 16 17 8
1 2 3 1 3 3 1 1 2 9 8 5 12 8 12 14 17 18 1
1 2 2 3 3 2 2 7 1 8 6 6 5 14 4 3 17 11 8
1 1 1 1 4 1 6 2 3 10 7 5 12 3 10 3 6 5 13
1 2 3 4 1 3 4 6 9 9 9 1 9 4 4 7 4 4 18
1 1 1 4 2 5 2 2 5 2 7 7 7 3 15 12 4 11 6
1 1 2 2 4 3 4 1 7 3 7 6 11 13 3 7 7 11 18
1 2 1 2 2 1 6 5 5 1 7 7 12 4 13 11 10 11 16
1 1 2 2 5 1 7 8 4 3 5 3 11 6 5 4 3 9 18
1 2 3 3 2 5 4 3 7 5 10 7 12 8 4 5 10 13 1
1 2 2 1 2 4 6 3 9 7 9 10 11 2 3 2 10 14 18
1 1 3 4 4 2 7 1 3 10 6 2 13 14 15 12 17 2 4
1 1 3 4 2 4 6 6 6 7 1 2 2 14 13 3 5 18 16
1 2 1 4 5 2 2 6 2 2 7 4 2 4 11 10 8 11 2
1 2 3 4 3 2 4 6 7 3 4 10 1 11 11 8 15 10 19
1 2 1 2 2 6 4 3 5 1 6 9 1 1 10 1 4 4 13
1 1 1 4 1 1 1 4 2 9 8 6 1 8 14 4 12 10 1
1 1 2 3 4 4 2 7 6 10 9 3 12 7 4 7 9 15 7
1 1 2 3 1 4 1 2 2 9 3 10 5 2 7 11 4 4 9
1 1 1 1 5 6 5 8 3 3 3 3 1 1 13 6 3 8 12
1 2 2 2 4 6 6 5 7 7 9 5 12 9 9 14 7 16 2
1 1 1 4 4 4 6 3 2 7 9 9 3 12 5 6 4 14 17
1 1 3 4 4 2 4 5 4 3 6 11 4 4 5 11 7 1 6
1 1 1 4 5 6 1 6 8 9 2 10 12 5 4 4 11 11 16
1 1 1 3 5 4 2 2 6 9 8 8 8 5 3 6 13 18 12
1 2 3 3 5 6 3 6 1 5 2 3 8 9 8 11 1 10 2
1 2 1 4 2 6 5 3 3 8 3 10 9 11 5 16 5 13 18
1 2 1 1 4 2 4 3 5 5 5 1 7 10 2 13 11 10 5
1 2 2 2 1 2 7 7 2 9 1 11 3 11 1 8 8 16 4
1 2 1 4 5 4 4 8 1 8 1 4 8 5 5 14 15 18 1
1 2 3 4 5 4 5 2 2 1 4 8 1 9 2 12 13 2 10
1 1 1 2 2 5 2 7 3 2 3 2 11 6 1 16 6 14 2
1 2 1 1 1 2 7 3 9 1 7 7 6 8 8 6 12 14 7
1 1 3 2 5 3 5 1 1 6 11 10 11 8 3 10 10 1 10
1 2 2 2 5 5 5 6 8 10 1 4 9 4 4 2 13 5 19
1 1 3 1 3 2 2 8 1 3 1 6 9 4 13 7 5 3 7
1 2 1 3 1 4 4 1 6 5 3 12 4 1 12 9 9 16 1
1 2 1 3 4 6 3 1 6 9 5 7 4 13 5 2 17 3 15
1 2 3 2 2 4 5 2 4 5 4 12 2 6 4 7 4 10 8
1 2 3 2 3 2 1 5 9 1 8 6 10 6 5 13 10 8 6
1 2 3 4 3 5 5 6 2 1 2 11 13 3 3 9 17 3 18
1 2 1 1 3 6 2 3 1 9 2 9 2 14 2 5 2 6 14
1 1 2 2 1 1 4 3 2 4 7 6 13 5 8 8 2 14 19
1 1 3 3 3 4 3 1 1 9 1 12 9 6 5 6 10 3 11
1 1 2 4 1 4 5 3 3 10 10 5 7 3 14 7 9 6 4
1 2 3 3 5 4 4 4 5 4 8 8 6 5 10 14 17 7 11
1 2 3 3 5 1 5 6 1 10 10 9 8 11 4 4 8 11 17
1 1 2 4 3 4 1 6 2 8 5 2 5 7 6 15 1 7 4
1 2 1 1 4 4 5 1 1 10 11 11 7 13 1 13 11 5 11
1 2 3 3 4 1 6 7 7 1 6 10 9 9 10 7 10 13 18
1 2 1 4 2 2 2 4 4 8 1 8 1 12 1 4 8 3 7
1 1 3 2 1 4 6 7 3 1 5 4 3 1 11 12 9 12 18
1 1 3 4 3 4 6 2 7 8 3 12 11 5 5 16 8 8 1
1 2 3 2 4 4 7 6 5 4 6 6 2 3 14 6 1 15 6
1 2 2 1 3 2 7 6 4 2 1 8 1 2 8 7 12 14 14
1 1 2 2 4 2 2 3 6 1 7 1 13 6 9 11 16 5 8
1 1 1 3 1 2 7 7 1 7 4 1 1 14 12 12 7 4 3
1 2 3 3 2 4 2 7 5 8 2 1 11 14 14 5 11 15 13
1 1 2 2 5 3 2 6 5 4 2 3 10 10 15 16 17 18 12
1 2 3 4 4 1 7 3 3 3 7 6 4 5 14 1 12 13 5
1 1 3 4 5 6 1 5 1 6 5 9 1 13 5 8 3 10 18
1 1 1 3 5 2 1 7 8 3 8 12 10 14 10 15 17 13 2
1 1 3 3 5 6 6 2 1 4 6 6 3 2 2 13 9 4 3
1 1 3 2 2 4 6 6 8 7 11 10 11 7 11 14 3 11 15
1 1 2 2 5 4 6 4 2 8 4 3 5 4 15 5 9 5 6
1 1 2 4 2 2 6 4 7 6 4 9 7 11 9 13 14 18 10
1 2 2 1 4 6 1 3 7 10 8 12 6 3 12 16 1 12 3
1 1 1 2 2 2 1 2 3 1 8 4 3 10 13 12 12 9 13
1 1 3 3 5 4 1 4 2 8 1 8 2 5 9 9 2 10 17
1 2 3 3 4 5 7 1 2 4 11 3 10 14 9 15 7 13 9
1 1 2 4 5 4 1 4 5 2 1 11 12 11 3 10 6 17 12
1 2 2 2 1 5 2 3 4 9 3 2 7 2 11 11 4 17 3
1 2 3 4 4 6 2 3 5 8 10 5 11 10 6 8 8 2 13
1 2 1 2 2 3 4 2 7 2 5 4 8 11 6 3 5 2 15
1 1 1 4 1 2 7 1 2 7 11 4 13 12 9 4 7 9 2
1 1 1 1 2 5 6 1 6 6 2 12 1 8 8 1 4 12 1
1 1 2 1 2 6 7 2 4 1 8 1 7 12 15 13 9 9 18
1 2 1 2 2 2 7 6 5 1 11 3 6 1 6 15 3 12 7
1 1 1 1 4 1 1 7 6 1 1 3 1 7 3 15 7 12 1
1 1 2 4 3 3 4 6 1 6 7 9 7 14 3 1 10 6 5
1 2 2 2 1 6 3 2 7 7 7 9 2 5 1 3 4 10 12
1 2 3 3 2 4 4 3 1 3 11 1 11 11 10 9 15 11 6
1 1 1 1 5 2 5 6 3 3 4 2 4 5 7 12 2 9 1
1 1 2 2 1 3 5 8 2 1 6 3 6 5 14 8 9 13 5
1 1 3 2 3 5 1 5 5 7 3 4 2 9 3 7 12 1 19
1 1 2 1 2 2 4 4 7 6 8 12 3 4 10 4 13 9 10
1 1 1 1 4 5 1 5 3 7 11 12 10 6 2 5 9 15 19
1 2 2 3 5 6 3 1 4 3 11 12 2 13 3 14 1 14 8
1 1 3 4 2 5 2 2 9 10 5 8 6 10 2 14 3 5 19
1 2 1 1 5 4 2 4 7 4 6 6 9 4 14 14 10 9 17
1 1 1 1 5 3 4 7 3 4 10 4 2 7 4 6 5 10 14
1 1 1 3 1 4 3 7 1 9 8 10 12 9 14 13 16 7 16
1 2 3 2 2 5 7 7 7 9 3 1 10 4 5 10 10 12 12
1 2 2 4 3 3 3 2 6 1 8 4 13 2 13 4 16 10 7
1 1 3 1 2 1 5 3 3 6 7 8 12 13 10 11 3 11 2
1 1 2 1 2 3 6 7 4 1 9 9 13 11 7 2 15 2 3
1 1 3 3 3 6 2 8 9 3 4 7 10 3 14 1 17 11 19
1 1 3 4 3 3 3 2 7 10 11 7 3 12 8 14 8 2 2
1 2 1 2 2 3 4 7 8 6 2 3 7 7 12 11 13 3 2
1 2 1 3 1 2 4 7 9 7 10 1 2 7 11 6 4 11 18
1 2 2 4 5 4 5 7 8 4 8 8 12 14 12 14 17 7 4
1 1 2 1 4 2 4 1 6 5 5 10 7 12 13 7 9 2 6
1 2 1 1 2 6 7 8 7 1 8 12 2 3 8 6 16 16 13
1 2 1 2 2 2 4 5 8 1 4 5 8 10 9 16 7 8 16
1 2 3 4 4 6 1 5 3 10 8 11 8 12 6 12 11 6 8
1 2 3 1 3 4 5 1 6 1 7 1 6 12 3 16 10 12 5
1 2 1 4 3 2 5 8 4 9 7 3 1 9 12 3 14 6 10
1 1 3 3 3 3 1 8 7 1 6 3 9 14 8 4 16 7 6
1 2 3 4 1 2 5 1 8 10 7 9 8 5 15 13 12 3 4
1 1 3 1 2 3 3 6 9 1 11 12 8 8 14 4 1 11 14
1 1 2 3 1 1 4 1 5 2 1 8 10 11 5 15 2 11 11
1 2 1 2 3 3 7 6 6 7 10 10 2 8 14 7 15 14 14
1 2 1 4 3 1 4 7 7 4 6 10 3 10 1 5 14 18 11
1 1 1 4 5 5 3 8 8 4 8 8 4 14 6 16 9 17 4
1 2 2 3 2 6 1 8 3 7 3 5 11 9 3 11 15 9 5
1 1 2 2 4 6 2 7 4 6 3 10 9 5 14 4 3 18 17
1 1 1 4 2 6 2 8 8 3 6 3 10 8 3 15 16 11 15
1 2 1 3 2 4 3 3 9 5 9 11 8 13 4 9 14 16 10
1 2 2 2 4 6 6 4 1 2 7 4 12 3 7 4 3 16 12
1 2 2 1 5 4 1 4 9 7 5 1 10 3 13 11 13 17 17
1 2 2 4 5 6 6 7 7 10 2 3 12 3 15 15 1 13 9
1 1 3 3 2 5 6 4 2 5 1 9 1 5 12 12 1 6 2
1 1 2 2 2 5 6 3 4 8 7 5 4 1 11 7 3 5 4
1 1 1 2 1 1 7 6 1 5 5 11 5 3 11 4 13 15 14
1 2 1 4 2 3 6 7 7 3 10 11 1 9 2 12 11 6 7
1 2 3 2 3 6 4 2 6 9 2 12 2 13 6 15 15 11 7
1 1 3 4 1 4 7 2 8 4 8 8 8 8 10 12 2 11 18
1 2 1 4 1 1 5 8 2 6 3 10 11 10 11 5 16 6 12
1 2 2 2 4 1 3 2 2 8 8 12 12 3 2 2 2 12 5
1 2 1 2 4 5 4 2 4 5 2 9 2 12 13 3 4 7 19
1 1 3 1 3 5 6 5 5 7 5 9 6 14 9 14 17 9 10
1 1 2 4 3 5 1 1 4 3 1 9 6 7 7 5 9 12 7
1 1 3 2 5 6 6 1 7 4 2 10 1 13 12 16 15 18 3
1 1 2 3 5 6 4 5 1 4 3 7 9 9 11 14 15 16 19
1 1 1 1 5 6 4 4 9 6 7 6 10 13 1 4 5 17 13
1 2 2 3 5 1 5 3 3 7 8 9 5 13 9 9 15 6 4
1 1 2 3 4 2 7 6 8 5 5 8 6 11 10 2 10 14 10
1 1 2 1 4 3 5 7 3 8 4 12 5 4 10 13 14 10 19
1 1 2 3 4 3 3 8 3 6 10 3 9 4 15 13 6 5 10
1 1 3 2 2 1 6 2 4 8 5 4 5 7 15 4 3 18 1
1 1 2 2 4 2 5 5 2 6 11 8 4 5 6 14 14 5 4
1 1 1 1 1 3 6 2 2 5 7 6 4 5 3 13 1 17 19
1 1 2 1 2 6 7 5 5 2 11 10 5 4 3 9 12 17 14
1 1 3 2 5 6 7 2 9 8 1 10 11 14 6 4 10 17 3
1 2 1 3 1 3 5 1 6 4 2 12 10 1 9 9 2 16 2
1 2 2 3 5 6 6 8 3 8 7 2 12 10 8 6 11 12 3
1 2 1 3 1 5 2 2 6 5 8 10 13 5 6 6 5 2 11
1 2 3 4 2 6 2 3 9 2 9 11 12 14 7 15 7 7 10
1 1 1 2 5 5 2 6 9 6 7 10 13 6 1 11 2 12 9
1 1 2 3 3 2 2 6 3 3 3 11 4 10 14 16 10 9 8
1 1 2 3 3 5 5 7 7 2 3 8 12 6 5 10 3 12 18
1 1 1 3 2 1 5 2 1 3 2 10 10 3 3 12 7 15 6
1 2 3 2 5 4 2 7 8 7 2 5 3 3 13 6 11 1 2
1 1 2 4 4 4 1 6 2 1 11 11 13 1 1 6 7 15 1
1 2 2 1 1 5 1 4 4 5 3 6 12 8 8 11 10 1 10
1 1 2 1 5 3 5 4 7 8 11 5 11 12 9 13 6 14 7
1 2 1 2 5 4 2 7 2 2 4 3 11 8 11 16 7 12 5
1 1 3 3 2 1 5 1 6 2 3 10 10 8 5 11 2 8 5
1 2 1 1 1 1 5 7 1 6 7 12 13 9 14 13 8 10 11
1 2 3 3 2 2 2 1 5 1 8 6 8 6 5 12 7 1 19
1 2 3 4 5 2 2 7 3 9 7 3 1 14 12 14 14 5 14
1 1 2 2 1 3 3 3 6 3 8 2 6 14 6 4 12 13 13
1 1 3 2 3 4 7 4 2 4 10 8 9 11 6 9 13 5 6
1 2 2 2 1 1 4 6 1 5 5 11 10 10 15 11 7 18 4
1 1 1 1 1 1 3 7 1 3 7 5 3 8 15 6 11 13 6
1 2 3 2 1 3 5 8 1 6 9 4 3 13 4 14 4 18 4
1 2 2 1 3 5 4 6 3 4 6 2 4 14 13 16 7 6 14
1 1 1 1 4 5 1 4 3 8 11 6 12 4 2 7 10 1 11
1 2 3 1 4 6 2 1 6 10 11 11 12 3 7 15 3 16 8
1 1 1 2 4 3 6 4 2 7 10 12 6 4 14 1 14 12 3
1 2 2 4 2 3 7 1 9 10 5 8 11 6 12 11 5 9 1
1 2 3 3 4 5 5 4 7 3 7 5 8 12 3 9 8 4 7
1 1 2 3 4 3 5 3 5 7 7 8 9 11 3 9 17 16 8
1 2 3 4 2 5 7 7 9 6 7 7 5 3 12 11 5 1 6
1 1 1 4 2 6 5 5 8 8 10 5 4 11 4 3 8 16 13
1 2 3 2 3 1 2 8 8 4 11 11 9 4 10 7 13 12 12
1 2 2 4 3 5 1 8 8 4 2 11 2 13 14 11 4 5 16
1 2 2 4 1 5 7 8 9 5 8 5 12 7 4 14 11 12 18
1 2 2 3 2 5 2 5 9 7 5 10 12 10 9 11 7 3 11
1 2 3 1 3 6 5 4 5 8 11 11 7 8 2 4 17 16 8
1 2 3 1 4 4 2 1 9 10 9 10 7 6 13 4 14 2 11
1 2 3 1 4 3 5 1 7 10 5 4 12 3 1 2 17 18 13
1 2 3 4 5 5 3 4 4 8 3 2 4 11 1 11 17 15 1
1 1 2 4 2 4 4 8 3 4 4 8 3 11 12 3 9 16 18
1 1 3 1 3 3 4 6 5 4 4 6 12 4 7 4 11 2 7
1 1 1 1 3 5 1 2 6 1 1 5 9 5 9 3 14 12 7
1 2 2 4 3 2 4 5 8 7 5 7 1 14 12 7 10 6 17
1 1 2 3 5 1 5 1 5 7 7 11 5 12 15 3 14 12 10
1 2 2 3 2 2 1 6 8 2 3 11 10 10 3 13 11 2 15
1 2 1 2 2 3 6 8 8 5 3 12 5 4 1 1 17 9 16
1 1 1 2 4 4 3 2 5 5 7 11 11 6 11 4 1 7 4
1 2 1 3 2 6 7 6 3 7 5 9 6 7 1 12 11 15 8
1 1 3 4 5 3 1 4 3 3 5 2 1 8 14 4 17 10 16
1 2 3 4 3 6 2 6 2 3 11 3 10 6 13 4 4 7 18
1 1 1 3 1 6 3 1 3 1 3 12 11 13 10 5 4 5 4
1 2 3 1 3 5 4 5 8 5 6 1 2 5 7 11 8 17 14
1 2 3 3 5 6 5 2 3 9 10 2 12 6 8 4 4 14 9
1 2 2 4 2 2 6 5 2 8 2 7 4 1 6 13 6 7 14
1 2 3 3 4 5 3 2 7 7 9 10 2 14 11 12 14 17 13
1 2 1 2 3 6 6 1 2 2 8 4 4 7 8 4 16 2 18
1 1 3 3 3 2 3 8 4 3 10 12 11 3 7 11 5 8 17
1 2 1 2 5 5 4 7 1 6 1 1 2 11 6 7 16 11 11
1 1 1 1 1 1 3 8 3 6 9 6 7 1 3 9 14 6 7
1 2 1 4 3 1 3 6 2 2 3 2 9 2 4 4 10 14 15
1 1 1 3 5 4 3 6 5 5 7 1 8 2 1 6 3 12 8
1 2 3 1 3 2 4 6 5 3 7 10 13 8 8 8 14 16 7
1 1 2 3 4 4 1 8 6 5 3 2 9 4 10 10 5 5 10
1 1 3 4 4 3 3 4 5 1 11 6 13 2 4 14 14 14 8
1 1 1 3 2 2 5 5 4 10 5 1 9 4 5 7 3 9 19
1 2 3 1 3 6 2 8 1 2 11 9 12 4 9 14 16 16 11
1 1 3 3 1 6 7 7 8 1 7 3 2 10 6 6 3 6 10
1 1 3 4 5 6 6 5 1 4 10 5 5 6 13 6 15 14 11
1 2 2 2 3 1 4 6 7 1 10 2 12 14 5 1 16 8 5
1 2 2 3 3 4 6 2 7 3 8 11 13 1 14 15 4 2 1
1 1 2 3 2 1 1 7 8 10 2 9 6 14 3 10 6 11 1
1 2 2 4 5 3 2 1 2 4 4 11 10 8 4 16 17 18 14
1 1 1 2 2 6 4 7 8 2 9 1 8 9 6 5 9 5 11
1 1 3 2 1 6 5 8 7 2 1 4 10 7 9 11 16 1 6
1 1 3 1 2 1 4 7 4 3 3 9 3 12 8 11 16 2 2
1 2 3 2 4 6 3 1 7 3 10 6 3 6 10 15 7 16 1
1 2 1 1 5 3 5 6 6 2 8 12 4 9 4 2 3 9 11
1 1 2 3 1 6 5 3 9 2 10 4 13 8 4 10 5 1 19
1 1 1 3 5 2 2 5 4 1 5 12 8 12 6 3 9 9 11
1 2 1 4 4 3 5 6 3 8 10 8 8 2 9 2 17 4 13
1 2 3 2 4 1 6 2 4 3 4 2 11 8 15 2 17 7 3
1 2 3 2 3 5 2 1 3 10 2 8 2 10 4 15 5 9 3
1 2 1 1 1 5 1 7 4 4 6 10 7 6 1 5 11 18 15
1 2 3 4 5 5 5 3 8 6 8 3 1 12 15 10 14 12 7
1 1 2 4 4 6 3 3 6 2 10 12 9 7 1 14 16 16 1
1 1 1 4 4 2 4 1 7 5 6 12 3 6 8 16 4 17 3
1 2 1 1 2 3 4 4 8 9 9 5 10 11 4 2 7 14 13
1 1 1 1 5 1 1 1 8 8 6 6 8 4 1 3 17 6 1
1 2 1 4 4 3 4 7 2 9 3 10 4 10 14 11 3 13 6
1 1 2 3 2 1 4 7 9 1 5 6 12 10 9 11 4 2 18
1 2 3 2 2 3 5 1 2 9 6 12 3 4 7 4 17 2 7
1 1 2 3 3 2 5 4 9 7 2 8 11 13 1 1 7 11 1
1 1 3 2 1 4 4 7 5 7 3 1 9 6 3 4 5 12 13
1 1 2 1 3 2 2 3 8 3 4 7 10 14 1 1 7 6 4
1 1 2 1 4 2 1 1 1 9 3 5 1 10 13 5 1 1 7
1 2 2 4 5 4 3 1 5 10 1 12 7 14 4 1 2 7 18
1 2 3 2 1 1 5 1 3 7 5 3 5 6 11 10 11 14 11
1 2 3 4 5 3 2 5 1 6 5 8 1 1 3 16 13 18 9
1 1 2 3 3 5 3 4 4 9 10 7 5 5 14 1 14 16 18
1 1 1 4 2 3 2 1 4 8 1 5 1 1 11 9 1 9 18
1 1 1 1 1 3 7 2 9 5 2 3 13 5 3 1 2 10 7
1 2 2 2 3 4 5 8 5 2 6 4 2 5 7 15 16 11 1
1 2 1 1 5 2 1 1 6 4 3 4 12 11 13 7 10 12 3
1 2 1 2 4 3 3 1 4 6 2 9 4 10 11 14 4 4 18
1 1 1 3 1 1 2 8 7 10 7 12 13 14 15 6 16 5 6
1 2 1 3 4 5 5 8 5 5 2 1 7 2 8 12 16 6 17
1 2 2 2 2 6 3 5 7 7 7 2 7 2 5 3 7 9 10
1 1 2 1 2 4 2 7 4 2 5 6 6 14 10 4 4 9 9
1 1 2 1 3 3 1 5 9 5 6 3 4 9 5 8 14 5 14
1 2 3 1 1 3 6 8 5 7 3 12 3 7 10 5 17 9 10
1 1 2 3 5 2 6 4 1 2 10 4 3 6 9 4 14 7 17
1 1 3 2 2 5 1 2 1 10 8 3 10 6 10 10 9 1 17
1 1 2 3 3 6 2 8 6 9 8 5 11 12 7 3 17 8 17
1 1 2 3 1 3 3 4 8 6 3 9 5 6 15 2 10 6 7
1 2 2 4 1 6 6 2 7 10 10 2 2 9 5 1 2 1 14
1 2 3 3 5 5 4 1 7 6 6 2 10 12 5 16 9 17 15
1 1 3 1 3 6 1 6 2 7 2 4 11 14 4 12 14 13 6
1 1 2 3 3 3 3 4 7 7 2 1 13 7 10 14 16 15 17
1 2 3 3 5 1 7 5 4 7 6 1 5 10 2 5 17 5 7
1 1 2 2 3 5 5 8 5 1 9 4 8 2 15 4 1 16 3
1 2 3 4 1 4 7 2 8 1 9 12 5 2 5 16 13 9 4
1 1 1 1 3 4 3 8 9 4 7 4 6 9 3 2 11 15 14
1 1 3 1 1 6 4 4 2 6 4 6 12 7 5 7 12 10 5
1 1 3 3 2 4 3 6 9 8 4 4 9 10 12 7 7 5 7
1 1 2 1 1 1 5 7 4 3 6 10 1 6 15 7 17 17 5
1 1 2 1 2 4 6 3 9 3 8 2 3 4 3 13 6 11 14
1 1 1 2 4 1 4 6 3 10 10 5 6 12 15 5 7 1 6
1 1 2 1 2 3 7 2 5 10 1 7 5 7 5 8 7 8 10
1 2 1 2 5 4 6 8 7 8 4 2 8 7 6 13 10 13 13
1 2 3 3 2 6 1 3 8 2 8 3 5 11 7 6 8 16 13
1 1 1 4 1 6 4 6 3 1 1 1 8 14 15 5 12 15 13
1 2 2 3 4 6 1 6 9 7 6 6 13 8 1 1 2 11 12
1 1 3 2 1 3 1 5 2 1 8 8 12 4 14 14 8 6 17
1 2 2 4 5 1 3 6 5 7 9 8 8 3 6 9 2 15 5
1 1 2 1 3 1 2 8 9 1 11 9 8 1 14 8 7 10 17
1 1 2 1 4 3 2 1 6 2 1 10 11 10 7 14 7 18 11
1 1 2 4 5 2 1 1 4 5 1 12 13 6 1 7 2 2 7
1 1 1 4 1 2 1 8 7 10 5 9 12 7 14 13 16 8 15
1 1 3 4 3 2 2 5 7 3 8 7 4 9 8 10 12 2 10
1 2 1 4 3 2 4 8 8 2 8 10 9 10 5 15 6 2 2
1 1 2 1 4 5 2 3 1 1 3 5 6 13 2 1 3 3 3
1 2 3 1 3 2 4 5 9 3 9 7 13 13 7 6 4 5 9
1 1 2 1 5 3 4 4 6 9 8 10 12 11 5 2 3 1 8
1 2 2 4 2 6 1 2 1 1 2 2 5 4 8 8 10 15 5
1 1 3 1 1 2 4 3 1 10 4 9 10 14 3 6 13 14 17
1 1 2 4 2 1 2 4 8 4 2 3 10 10 3 10 10 1 11
1 1 2 1 1 4 4 3 6 3 8 6 13 9 15 5 14 9 6
1 2 2 1 3 1 1 6 2 6 11 11 3 6 3 16 10 18 4
1 1 3 2 3 1 5 4 3 10 2 2 9 11 1 6 13 12 16
1 2 3 3 4 1 7 2 6 1 2 2 4 1 12 5 4 12 16
1 1 2 2 4 3 7 6 5 6 2 4 12 13 6 6 8 10 16
1 2 3 1 4 4 7 6 4 7 6 9 13 11 2 5 2 15 2
1 1 2 4 5 2 5 1 8 5 3 9 3 12 13 1 16 16 4
1 1 1 1 1 3 2 7 8 3 7 5 5 11 7 11 5 14 19
1 2 3 2 5 3 3 5 6 8 9 6 13 12 15 8 10 7 19
1 2 2 3 2 2 3 6 9 2 8 2 7 13 9 7 4 6 3
1 2 3 1 5 6 3 6 6 10 3 11 11 9 8 7 10 15 3
1 2 1 4 4 6 6 3 1 10 4 4 9 5 2 14 8 12 10
1 2 3 4 2 1 6 6 8 2 1 8 4 9 14 3 4 7 14
1 2 3 4 4 4 5 8 4 9 8 9 6 10 7 1 6 14 1
1 1 2 3 1 5 3 5 5 7 6 3 12 9 2 11 11 14 11
1 1 1 3 3 3 3 4 4 3 1 3 8 12 1 6 15 14 4
1 1 3 1 3 3 7 5 3 5 1 5 1 7 8 3 3 12 1
1 2 3 4 4 4 3 4 3 10 10 10 1 14 1 11 7 3 3
1 1 2 3 4 1 6 8 1 9 7 10 10 9 4 5 7 9 5
1 1 3 3 2 2 7 3 1 5 4 4 6 2 14 2 5 14 8
1 2 2 4 1 4 7 7 5 4 5 12 13 5 15 3 6 3 9
1 2 3 1 3 1 5 3 5 5 9 5 7 13 15 7 5 8 12
1 2 2 3 3 5 4 5 6 4 3 2 11 7 1 10 15 18 9
1 1 1 4 4 3 4 6 8 1 11 5 10 4 11 14 11 8 19
1 1 1 1 4 4 6 5 7 6 8 3 6 3 11 1 8 13 6
1 2 2 2 5 4 1 2 2 6 8 5 13 2 3 13 17 16 5
1 1 3 4 4 4 7 4 1 3 5 9 6 8 2 15 13 4 13
1 1 3 3 3 3 4 3 1 3 6 12 7 9 7 5 10 17 18
1 2 2 3 4 1 2 5 6 2 6 10 9 9 6 9 9 4 17
1 1 2 3 1 4 2 4 7 6 1 11 13 11 1 6 5 2 2
1 1 2 2 3 2 6 3 7 8 10 10 12 7 14 1 4 1 11
1 2 3 3 5 4 1 2 4 5 6 6 8 7 11 12 11 6 18
1 2 1 3 3 1 6 7 4 6 2 8 8 2 14 14 6 4 3
1 1 1 2 2 2 5 4 7 5 5 7 1 3 8 14 11 10 7
1 2 3 1 5 6 5 4 6 7 11 8 10 3 8 9 14 10 15
1 2 2 2 3 4 1 3 7 6 1 4 2 1 6 6 6 12 9
1 1 3 4 4 1 4 3 2 9 6 11 4 9 14 13 3 13 19
1 1 2 4 2 5 3 7 4 8 1 8 13 11 11 3 6 16 2
1 1 3 4 1 3 5 4 3 4 3 10 10 2 12 10 13 9 6
1 2 1 4 3 3 4 3 6 6 7 2 6 5 12 13 2 6 2
1 2 2 2 4 1 4 2 8 3 6 7 10 3 11 9 3 15 17
1 1 2 1 1 5 7 1 9 1 9 10 5 8 6 8 9 14 3
1 2 3 1 3 2 5 7 7 10 3 12 8 8 2 14 12 18 6
1 1 2 1 2 4 2 2 3 2 6 7 11 9 5 5 10 17 17
1 1 2 3 2 3 2 2 6 9 5 6 3 6 7 7 15 18 18
1 1 1 3 5 1 2 4 4 6 9 10 6 13 9 13 15 5 2
1 1 3 2 2 1 7 1 4 3 10 7 7 10 2 11 7 4 15
1 2 3 2 5 4 1 3 4 3 2 5 5 8 13 12 1 5 1
1 2 2 3 4 4 6 1 8 3 6 10 10 2 15 4 6 12 10
1 2 3 2 3 5 2 3 8 5 4 8 6 8 9 8 3 10 11
1 1 1 4 1 3 2 7 3 9 1 1 13 6 8 11 4 13 3
1 2 2 2 5 4 3 4 2 3 11 7 8 12 5 11 15 17 19
1 1 3 4 1 5 3 7 6 6 6 12 1 12 7 14 11 5 9
1 1 3 3 4 1 7 4 2 10 7 9 13 5 7 4 7 16 7
1 1 3 2 4 5 7 5 7 6 7 8 12 6 3 10 7 7 16
1 1 1 3 2 4 2 3 5 5 2 11 13 5 11 8 16 13 12
1 2 2 4 3 2 6 8 2 10 9 11 5 1 1 4 16 3 16
1 2 1 4 1 4 5 2 8 5 1 10 3 2 13 9 9 8 19
1 1 1 4 2 2 1 6 9 10 8 9 12 12 13 10 5 6 5
1 1 1 2 4 3 5 3 7 2 6 2 12 7 15 2 2 5 9
1 1 3 3 5 3 7 2 6 4 7 5 7 5 15 16 16 10 18
1 2 3 1 2 4 7 2 6 1 8 3 8 13 3 15 17 14 1
1 1 2 1 3 6 7 5 7 4 7 3 9 12 13 7 15 17 1
1 1 1 1 1 3 6 4 7 3 3 7 3 10 8 2 8 7 9
1 1 1 2 1 3 5 3 3 7 7 6 1 12 11 7 11 9 4
1 1 2 1 5 2 2 6 5 10 5 12 3 1 6 13 17 8 10
1 2 1 2 2 3 3 5 9 6 4 6 8 2 7 7 1 9 12
1 1 3 3 5 4 1 8 2 2 10 11 13 10 14 1 9 13 10
1 1 1 4 1 2 7 5 9 4 7 9 13 10 5 15 16 7 18
1 1 1 1 4 4 7 5 1 5 4 1 10 3 15 1 12 13 10
1 1 2 1 1 6 4 4 9 9 4 1 7 5 1 13 2 13 15
1 1 2 4 2 5 4 1 4 10 6 6 12 13 11 6 6 9 8
1 2 2 1 2 4 6 1 8 8 2 7 10 7 7 2 2 11 16
1 2 2 4 3 2 6 4 1 5 1 2 6 10 5 10 8 11 19
1 2 2 1 5 2 6 2 3 6 2 2 1 7 9 16 15 3 12
1 1 2 3 2 1 7 5 7 2 5 6 13 11 15 2 1 9 13
1 2 3 4 2 3 2 3 5 3 2 4 4 13 9 6 14 15 4
1 1 1 2 3 4 7 5 1 4 8 9 3 9 15 16 1 10 7
1 2 2 2 3 6 6 4 2 10 6 11 7 13 11 13 11 11 10
1 1 3 2 5 4 2 3 6 1 3 4 3 8 11 12 13 17 14
1 2 2 3 1 1 5 4 1 5 11 10 11 10 2 16 5 4 2
1 2 1 3 4 5 1 7 6 7 3 11 3 5 1 9 12 6 1
1 2 1 2 1 5 6 2 4 1 9 10 6 9 6 15 14 14 11
1 1 3 3 2 3 2 1 4 8 8 10 12 13 13 4 8 15 7
1 2 1 4 5 4 4 1 2 1 5 9 13 12 10 8 17 16 18
1 2 1 3 1 1 7 7 7 5 8 12 1 12 4 6 2 8 18
1 1 1 3 5 6 5 5 9 7 1 10 1 12 13 14 6 8 2
1 1 1 3 3 2 1 4 2 10 8 4 13 10 11 14 10 5 1
1 1 1 3 4 1 7 3 1 3 3 2 6 9 13 7 4 17 10
1 2 3 3 2 6 2 8 6 4 1 7 2 6 6 6 8 10 13
1 1 1 1 5 3 4 1 5 1 11 8 6 12 12 6 7 16 4
1 2 2 4 1 6 5 1 7 10 3 2 9 3 8 14 15 8 6
1 1 3 1 2 6 6 5 1 2 2 8 5 13 6 13 17 11 17
1 2 1 3 1 5 1 3 4 7 1 11 11 3 6 10 9 7 9
1 2 2 3 4 6 3 5 2 2 4 9 11 10 1 6 14 17 7
1 1 1 4 2 1 4 4 3 5 1 4 10 5 11 16 10 18 2
1 2 1 4 1 1 4 5 4 10 9 11 11 14 10 11 6 1 17
1 1 1 4 4 4 5 1 4 5 10 1 1 10 13 4 1 18 16
1 2 2 1 2 5 6 2 9 2 2 6 1 1 2 2 12 18 4
1 2 3 3 3 2 2 1 2 10 10 12 11 10 7 15 2 9 3
1 1 3 1 4 6 3 8 6 8 1 5 13 1 2 16 3 15 4
1 2 1 4 1 2 4 6 9 4 7 1 3 5 11 12 3 5 15
1 1 1 4 3 4 7 8 3 1 10 3 2 8 2 12 3 13 17
1 1 2 1 5 5 2 6 7 4 8 3 5 5 6 16 4 10 1
1 1 3 4 4 1 1 7 8 2 6 1 2 10 3 6 5 1 16
1 2 2 4 2 3 4 2 2 2 11 2 13 8 11 3 12 17 11
1 1 3 2 5 1 6 1 9 4 6 3 9 13 10 5 2 13 10
1 2 3 1 5 6 3 2 3 8 7 12 2 8 9 2 1 14 1
1 2 3 2 3 5 6 6 2 5 4 1 7 2 7 3 13 8 11
1 1 2 2 5 4 4 4 3 4 8 9 2 5 9 16 17 9 14
1 1 2 2 3 4 5 5 7 6 10 4 9 1 2 8 2 11 3
1 2 1 2 5 4 6 2 1 3 5 6 8 8 5 8 2 3 8
1 2 3 1 1 1 6 2 9 2 2 6 9 4 10 16 9 17 5
1 2 2 3 4 6 6 4 2 3 5 11 8 3 1 1 15 2 15
1 1 1 3 2 6 2 1 6 3 9 9 10 10 12 3 9 15 9
1 1 2 2 2 6 3 1 4 6 8 5 4 12 12 8 1 14 9
1 2 1 1 5 5 4 7 2 8 6 9 5 4 9 2 12 11 18
1 2 3 3 5 1 6 2 7 4 2 5 2 9 7 13 1 12 13
1 1 2 1 2 1 1 3 5 2 7 3 9 10 6 16 1 1 9
1 1 1 2 4 4 1 5 8 2 3 4 10 4 8 16 3 18 8
1 2 2 4 3 3 7 5 3 3 8 1 13 7 13 7 1 7 12
1 1 3 2 3 3 4 2 1 9 7 11 1 2 1 6 16 14 2
1 2 1 4 4 2 7 2 8 10 9 2 1 5 8 8 2 11 12
1 1 3 2 2 6 1 2 1 3 4 6 10 3 8 11 10 2 12
1 2 3 1 4 1 4 4 1 10 11 5 4 14 9 1 1 18 9
1 2 1 2 5 4 6 6 1 7 1 11 9 8 1 6 12 13 10
1 1 3 3 5 5 3 6 5 10 1 7 7 14 12 16 10 3 2
1 2 3 4 1 5 3 5 7 3 8 12 9 6 12 6 1 5 1
1 1 2 3 5 2 6 5 6 5 6 6 2 12 11 12 6 2 13
1 2 1 3 4 6 7 1 8 3 6 1 1 11 8 15 13 7 18
1 2 2 2 5 4 6 3 6 5 2 4 6 11 2 1 15 7 9
1 1 1 3 1 4 5 5 7 5 1 1 8 14 3 4 11 12 16
1 1 3 2 3 2 3 1 7 5 3 8 5 1 2 10 17 3 9
1 2 3 3 3 6 4 3 5 3 1 6 2 7 15 7 1 2 9
1 2 3 2 1 6 3 8 6 5 10 5 8 8 11 3 6 8 8
1 1 1 1 2 6 4 8 6 8 2 9 5 9 3 12 2 9 4
1 2 3 1 5 6 1 8 5 2 9 6 4 1 2 1 14 1 10
1 1 2 1 4 5 1 6 3 8 10 7 12 6 15 14 10 5 9
1 2 1 3 3 1 1 4 2 6 6 4 1 9 12 8 14 10 14
1 1 1 3 4 3 3 8 7 10 9 11 9 8 14 16 8 8 13
1 1 3 2 1 5 5 7 4 7 2 7 4 1 1 3 14 5 5
1 2 2 4 2 6 2 1 5 7 1 3 1 11 15 6 5 12 10
1 2 1 3 5 3 2 2 6 9 3 2 12 3 15 7 6 11 16
1 1 2 3 3 1 5 3 5 1 11 1 2 7 4 15 7 8 18
1 1 2 4 4 3 1 5 7 6 11 5 12 13 13 13 3 5 6
1 2 1 1 4 1 3 4 2 7 9 10 12 13 13 9 4 8 5
1 1 1 4 3 6 4 6 3 9 3 10 10 1 7 5 13 3 17
1 1 3 4 3 2 4 7 3 5 4 8 9 2 5 8 10 14 11
1 2 2 2 1 3 2 4 1 5 9 7 7 14 15 15 8 11 7
1 2 2 2 3 1 6 1 9 10 9 1 11 6 10 16 11 3 10
1 2 3 3 3 6 7 4 1 5 7 10 4 4 11 4 3 5 2
1 2 3 2 4 1 4 4 5 6 6 5 12 12 8 5 4 2 7
1 2 1 1 2 2 5 7 8 5 4 12 9 7 9 6 9 14 9
1 2 2 4 5 4 4 6 1 5 6 2 6 14 4 3 11 6 15
1 1 1 4 5 1 7 1 9 5 6 1 12 9 8 6 7 2 12
1 2 2 1 1 4 3 1 4 5 2 7 8 14 13 12 11 8 4
1 1 1 3 5 2 5 2 9 8 7 12 5 8 15 10 17 7 9
1 2 1 4 5 1 4 7 6 6 4 1 10 1 11 5 3 7 12
1 1 3 4 4 2 6 4 6 2 5 3 1 7 6 8 15 8 3
1 2 2 2 3 4 4 5 4 2 5 8 8 5 3 13 2 14 7
1 2 1 4 4 1 4 4 6 3 7 8 5 12 13 14 12 7 17
1 1 3 3 5 4 5 7 1 2 11 8 13 12 3 3 10 3 19
1 1 3 2 3 4 2 4 6 8 6 1 3 1 4 14 13 13 2
1 1 3 1 5 4 5 2 3 3 5 7 7 13 9 3 7 16 13
1 1 3 1 1 2 5 1 3 9 8 6 8 10 11 8 5 13 7
1 1 1 3 2 4 7 6 5 10 3 10 4 7 1 13 13 10 4
1 2 3 2 3 6 2 5 3 1 11 3 9 4 8 10 10 10 4
1 1 3 1 2 3 4 2 9 8 8 7 12 12 11 6 15 14 18
1 2 2 2 1 3 4 4 4 5 2 10 1 11 15 3 13 12 3
1 2 2 3 5 2 3 5 9 9 6 11 7 2 3 3 4 5 13
1 1 1 2 4 6 6 7 7 5 9 1 10 7 15 2 15 9 17
1 2 1 4 3 4 1 2 8 1 11 8 4 13 8 2 8 15 3
1 2 3 1 3 5 4 4 1 1 1 4 7 12 3 12 3 2 14
1 2 2 4 3 6 1 2 5 7 11 1 9 13 12 8 11 17 1
1 2 3 1 3 1 3 6 1 9 3 9 6 7 2 4 4 18 15
1 1 1 4 2 6 3 3 1 2 4 3 5 13 13 3 16 15 19
1 2 2 2 4 4 7 7 1 9 2 12 3 4 7 5 13 13 7
1 1 2 2 5 1 6 5 6 7 4 6 10 6 4 10 1 18 3
1 2 1 1 5 1 3 2 1 7 7 5 6 6 5 14 14 1 16
1 2 3 4 1 3 3 8 7 8 4 5 12 6 4 10 4 15 8
1 2 2 2 1 6 4 7 5 1 3 4 2 10 12 7 2 4 14
1 2 2 1 5 1 6 7 5 4 4 1 5 14 2 9 7 13 12
1 2 1 4 4 3 1 4 5 3 3 2 12 1 4 10 2 5 5
1 1 2 1 2 5 2 7 9 8 4 10 4 5 8 7 11 5 7
1 1 3 2 3 6 2 3 9 6 3 6 11 7 14 11 7 13 14
1 2 1 2 2 6 1 6 8 3 11 8 6 13 13 11 13 9 15
1 1 3 3 1 5 7 6 7 10 7 6 5 3 1 2 9 16 17
1 1 3 1 1 4 6 6 3 8 8 3 8 9 6 11 11 10 8
1 1 3 1 4 1 1 1 2 7 8 8 10 3 9 9 12 6 15
1 2 2 4 5 6 4 4 6 1 8 5 3 6 7 3 17 14 3
1 1 3 3 2 5 5 5 3 2 4 1 13 11 4 3 10 12 18
1 1 1 3 1 5 5 2 8 8 3 1 5 12 12 14 5 3 9
1 2 1 3 1 2 3 3 9 8 5 12 3 7 12 12 8 10 11
1 1 3 1 1 4 4 7 7 9 9 10 4 12 14 14 9 5 5
1 1 2 3 3 1 4 8 1 1 7 10 1 8 4 14 10 10 1
1 1 2 1 3 4 1 5 8 6 7 9 3 9 15 9 15 7 12
1 1 1 1 5 3 5 2 5 1 7 10 13 9 3 3 17 3 15
1 1 3 3 5 4 7 2 1 2 1 6 4 12 15 1 6 13 3
1 2 3 3 1 5 3 3 3 9 2 4 2 6 11 13 15 14 1
1 2 2 2 1 2 1 2 7 3 9 2 9 3 2 14 13 3 8
1 1 2 4 1 5 6 7 3 5 7 4 8 14 2 4 2 2 11
1 2 1 2 1 3 4 5 9 9 7 3 8 4 13 15 3 13 2
1 2 2 3 3 2 6 5 1 7 10 5 13 7 10 16 4 9 7
1 1 2 4 2 4 4 1 9 10 1 4 3 8 11 7 3 3 11
1 1 1 1 4 2 5 7 1 5 5 2 11 7 1 13 2 2 18
1 2 3 3 4 6 2 6 7 6 2 7 8 1 8 6 16 12 7
1 2 1 3 4 2 3 8 2 4 5 9 12 10 6 3 3 4 19
1 1 2 2 1 3 1 3 2 6 2 9 2 1 14 2 13 15 18
1 2 1 2 2 1 7 6 7 8 4 6 12 1 11 1 17 4 12
1 2 2 3 3 5 6 6 2 4 2 5 4 2 11 14 9 8 4
1 2 1 4 2 6 2 1 8 6 1 8 13 13 14 12 13 10 15
1 2 3 3 4 5 6 3 3 5 7 12 8 6 8 14 8 11 11
1 2 1 1 3 5 5 5 9 6 5 5 5 3 14 13 17 10 13
1 2 3 2 4 5 5 1 1 1 11 11 3 9 9 14 15 7 7
1 1 1 1 1 3 5 6 1 2 3 3 9 1 8 11 3 9 14
1 2 1 2 1 4 7 1 8 2 8 7 11 2 1 15 4 1 12
1 2 1 3 5 6 1 8 1 7 7 1 11 10 1 15 14 14 5
1 2 3 4 3 3 5 2 4 7 11 1 10 8 15 7 7 7 1
1 1 3 3 5 5 1 6 8 5 3 8 9 12 7 15 14 12 13
1 1 2 3 5 1 6 1 8 8 9 6 5 6 6 11 4 6 4
1 1 1 2 2 5 5 4 9 9 3 1 10 8 15 10 6 10 1
1 2 3 2 3 6 6 6 2 5 9 10 7 13 10 6 17 15 7
1 2 1 4 3 1 7 3 2 8 7 7 8 2 6 15 3 15 2
1 1 3 2 2 4 7 5 9 6 9 4 9 9 7 13 4 8 5
1 1 2 4 5 2 3 6 6 3 2 11 3 1 1 3 17 3 12
1 2 3 4 1 6 5 2 1 3 7 10 9 12 15 1 3 13 12
1 2 1 1 4 4 2 1 2 1 3 5 10 3 1 11 9 6 3
1 2 2 4 4 5 4 2 6 9 4 9 5 13 4 9 16 6 8
1 2 2 1 2 4 3 7 7 2 4 1 1 2 7 2 17 6 8
1 2 2 3 2 5 6 6 3 1 4 12 12 14 4 3 17 2 18
1 2 1 3 3 6 4 1 4 9 2 10 2 13 4 9 13 6 9
1 2 3 4 4 1 6 3 9 6 3 10 6 12 2 5 14 13 8
1 1 3 4 5 5 4 4 7 10 3 6 12 10 14 4 17 8 19
1 2 1 2 2 6 3 1 6 2 6 6 3 10 3 11 11 13 6
1 1 3 3 5 3 3 3 4 9 3 7 4 13 10 14 4 17 18
1 2 3 1 3 4 6 7 7 6 2 9 10 10 7 13 9 1 16
1 1 1 4 3 6 4 4 2 9 3 4 7 3 15 6 9 1 9
1 2 1 1 1 5 2 3 2 4 3 4 11 10 13 15 5 15 16
1 1 3 2 5 6 3 1 4 6 5 11 1 12 12 10 11 12 11
1 1 1 1 2 3 7 2 5 5 7 1 10 1 11 12 10 1 19
1 2 1 3 1 3 6 7 2 10 6 12 2 4 14 12 13 12 12
1 1 2 4 1 6 3 5 3 1 7 4 9 14 6 14 13 4 17
1 1 3 4 5 1 4 6 1 4 7 7 6 1 12 2 3 3 6
1 1 3 3 2 6 2 6 2 8 1 11 2 12 4 3 5 3 18
1 1 2 4 3 4 7 8 3 1 3 7 8 8 12 16 10 9 16
1 2 1 2 3 3 4 3 6 3 6 4 4 9 4 3 4 9 6
1 2 3 3 1 6 6 3 4 2 10 9 1 11 7 3 11 11 15
1 1 3 2 5 1 1 8 4 9 3 5 8 1 10 13 3 3 3
1 1 3 1 4 4 1 6 5 9 7 6 7 11 14 3 4 11 6
1 2 3 4 4 3 5 6 5 9 9 1 1 11 2 11 11 17 19
1 1 2 4 5 4 6 7 3 2 4 9 1 6 12 14 3 11 6
1 2 2 4 2 1 5 3 5 2 3 6 1 9 14 13 13 17 4
1 1 2 2 3 2 2 8 2 5 11 12 3 6 3 16 17 3 11
1 1 2 1 1 1 5 2 2 3 7 1 7 13 4 7 13 11 11
1 1 3 1 5 6 2 8 2 7 1 4 1 9 12 14 9 1 4
1 1 2 1 1 4 2 6 2 3 11 3 3 7 12 13 14 17 6
1 2 2 1 5 2 1 7 9 6 11 8 11 13 5 2 7 17 13
1 2 3 2 4 2 6 5 4 2 9 7 13 4 11 12 13 9 18
1 1 1 2 5 2 4 4 4 9 3 9 4 9 3 3 5 7 1
1 1 2 3 4 3 4 2 8 1 2 12 8 11 13 1 13 11 16
1 2 3 1 1 3 1 1 6 5 9 10 5 13 10 5 11 8 19
1 1 1 3 3 6 3 8 8 8 10 6 13 5 14 9 4 5 14
1 1 1 1 3 4 2 2 1 1 7 11 11 7 5 10 10 11 10
1 2 2 3 2 6 4 4 2 8 7 12 2 3 13 15 15 2 18
1 2 3 3 3 6 1 7 7 6 3 9 5 11 2 13 12 3 14
1 2 2 1 4 2 2 2 6 9 2 2 11 8 4 6 2 18 4
1 1 1 1 1 1 6 3 8 4 7 7 6 7 2 9 15 2 16
1 2 3 2 1 1 4 4 2 8 11 10 2 13 14 15 5 8 6
1 2 3 2 4 5 7 5 2 8 1 4 11 3 3 7 10 4 7
1 2 3 3 2 5 2 1 1 2 11 11 8 14 11 8 6 18 16
1 2 1 2 4 3 4 2 5 1 7 1 1 2 14 6 12 4 19
1 1 2 2 5 5 1 4 8 10 5 3 2 9 2 2 7 10 5
1 2 3 3 3 6 2 5 8 8 2 1 8 3 13 3 3 2 2
1 1 1 3 5 1 6 2 4 9 3 11 8 4 11 5 14 2 11
1 1 2 1 2 2 5 5 1 7 7 3 6 5 9 4 7 11 19
1 1 1 2 4 2 7 8 7 9 11 7 8 12 12 8 11 4 16
1 2 3 4 2 1 7 8 6 5 9 3 4 6 14 6 3 14 15
1 1 2 4 4 4 7 6 5 1 7 2 12 14 5 14 11 11 11
1 1 1 4 2 6 2 6 6 3 10 7 12 2 2 3 11 15 1
1 1 3 4 5 5 6 7 1 6 7 2 13 4 4 10 13 3 8
1 2 1 1 1 5 5 8 8 8 1 2 5 10 12 15 7 6 2
1 1 2 4 2 5 6 1 8 10 10 6 7 7 3 7 9 1 9
1 1 3 4 2 3 6 5 6 3 11 4 5 3 13 4 12 9 19
1 2 1 4 3 1 2 7 1 10 5 4 12 8 10 14 13 18 1
1 2 3 3 4 6 6 3 5 3 7 8 3 10 14 1 11 5 10
1 1 1 4 2 4 2 1 2 8 5 11 11 2 7 10 6 10 15
1 1 1 4 1 4 3 8 4 8 1 4 7 11 9 7 15 17 10
1 2 1 2 1 6 1 8 8 3 9 1 11 5 7 7 16 5 19
1 2 1 2 5 6 7 5 3 4 1 5 4 8 9 11 7 6 6
1 1 3 4 1 6 4 7 7 4 9 8 3 2 12 3 10 14 6
1 1 1 1 1 6 3 8 8 5 6 3 3 3 1 14 17 5 11
1 2 3 2 1 5 7 5 5 1 7 1 10 13 10 14 6 7 15
1 1 1 4 1 3 7 6 5 1 7 2 13 1 3 4 14 1 1
1 1 3 2 4 4 5 1 7 6 8 11 9 2 5 8 5 1 5
1 1 3 1 3 4 7 3 5 4 1 8 8 3 5 12 14 5 16
1 1 2 1 1 5 6 3 3 4 3 2 10 5 9 12 9 14 17
1 2 1 2 3 6 1 2 9 2 9 8 5 1 4 9 6 13 2
1 1 3 4 1 3 4 7 6 8 11 2 2 5 12 3 4 6 1
1 2 1 1 4 4 7 2 5 7 5 6 7 6 4 12 16 9 9
1 1 3 3 4 2 4 1 4 9 3 9 13 13 6 7 12 3 2
1 2 2 3 1 2 1 1 1 10 3 9 10 7 14 15 4 1 5
1 1 3 4 4 6 3 1 9 4 2 4 3 11 5 15 16 12 5
1 1 1 2 1 6 1 8 8 2 9 8 4 7 12 2 17 4 4
1 1 1 4 5 1 1 6 6 5 2 3 7 4 12 4 13 11 7
1 1 1 4 5 5 6 8 9 7 3 2 11 8 14 9 1 10 6
1 2 1 1 1 4 2 4 5 1 10 3 10 3 11 5 1 5 10
1 1 1 3 5 5 3 5 3 6 5 4 4 5 10 4 16 6 7
1 2 2 2 4 6 7 8 3 7 1 1 7 4 13 9 8 3 5
1 2 3 3 5 2 5 5 8 8 9 3 2 6 14 2 2 11 3
1 1 2 2 2 6 3 3 9 8 5 10 5 1 9 3 15 15 9
1 1 1 2 4 1 3 5 1 5 8 6 3 7 7 10 10 18 5
1 1 1 1 2 3 7 4 2 8 4 7 2 12 6 7 8 3 6
1 2 1 2 5 6 3 7 4 10 10 6 10 9 8 6 11 7 14
1 1 2 4 2 5 5 8 7 9 6 3 6 9 9 8 16 3 3
1 2 3 2 5 1 4 2 7 7 4 9 8 3 10 16 4 10 4
1 1 3 1 5 6 1 3 6 5 3 7 10 5 10 2 2 6 15
1 2 2 1 1 2 1 2 9 9 10 3 3 9 6 4 8 17 14
1 1 2 2 2 4 5 1 2 5 7 2 10 2 3 12 12 13 18
1 2 3 4 2 3 2 8 5 7 2 2 8 14 10 8 4 2 2
1 1 1 3 1 2 6 8 3 10 9 12 9 8 3 8 2 18 10
1 1 3 4 2 5 1 2 9 8 4 2 7 7 15 3 13 11 14
1 1 2 4 5 1 3 2 1 1 3 10 7 12 2 15 2 9 5
1 1 3 1 5 4 3 3 2 6 3 4 3 10 11 1 13 12 16
1 1 1 4 5 5 7 1 5 2 5 4 12 11 6 5 10 2 6
1 2 2 2 4 1 4 6 3 3 10 4 4 6 8 8 10 17 15
1 1 3 1 3 2 1 8 3 4 11 1 2 13 4 8 12 2 17
1 1 2 2 2 6 4 6 6 2 3 11 13 10 2 5 5 2 15
1 2 1 2 5 5 4 2 7 4 10 5 12 9 4 8 12 1 12
1 1 1 1 1 6 1 5 2 1 7 12 4 3 5 6 8 11 5
1 2 1 2 2 6 4 2 7 8 5 7 7 12 2 7 2 15 13
1 1 1 2 5 5 2 6 1 1 10 10 11 10 15 15 11 4 17
1 2 3 3 4 6 1 4 9 8 9 9 13 5 4 7 6 15 1
1 2 1 1 1 1 7 5 8 5 9 1 3 8 1 7 16 6 10
1 2 3 3 2 3 1 8 4 8 3 3 1 12 10 13 12 1 1
1 1 3 2 1 6 6 6 4 3 4 1 2 2 1 2 8 12 2
1 1 1 1 1 2 1 7 5 4 1 9 6 5 10 13 9 1 4
1 1 3 2 4 4 7 3 4 2 8 3 13 9 10 8 15 2 10
1 1 2 3 5 2 3 7 1 4 4 2 3 2 8 3 10 11 1
1 1 2 2 3 2 2 7 8 8 3 1 5 8 13 2 2 4 16
1 2 3 4 4 4 2 4 3 8 2 11 11 12 2 14 12 18 2
1 2 1 1 5 5 1 6 5 8 9 8 2 11 2 15 8 4 18
1 2 2 3 5 2 2 8 6 7 7 12 7 3 9 10 1 6 5
1 2 3 3 1 5 6 2 7 8 11 4 6 8 11 7 11 13 2
1 1 1 1 2 2 7 7 4 5 11 11 9 12 8 15 12 1 6
1 2 1 1 5 5 5 5 9 4 5 1 11 10 1 10 17 6 10
1 1 3 2 4 1 5 2 8 9 10 8 5 1 10 1 8 3 12
1 2 1 3 2 5 6 1 8 7 3 2 3 7 5 11 16 6 6
1 2 2 1 1 2 5 2 3 7 1 9 7 14 14 10 4 8 2
1 1 1 1 5 1 4 3 1 6 11 9 1 3 6 7 13 7 7
1 2 3 4 5 5 4 2 4 5 8 12 2 5 11 10 7 14 3
1 2 1 3 2 1 6 3 7 9 9 11 11 4 7 12 9 8 10
1 1 2 2 4 1 6 6 5 10 9 2 9 13 7 16 11 1 17
1 1 2 3 4 3 7 3 5 2 8 8 5 3 4 15 1 4 5
1 2 2 4 3 4 1 5 6 7 10 7 10 2 4 12 2 2 4
1 1 2 2 2 4 6 1 9 4 1 4 10 2 9 11 11 5 1
1 2 1 3 3 2 7 6 4 8 2 9 7 8 14 2 6 8 17
1 2 2 3 3 2 5 3 7 3 10 2 8 5 2 6 12 15 1
1 2 3 3 2 1 7 8 1 6 2 5 11 8 8 6 6 10 12
1 1 2 2 4 3 7 2 7 9 6 4 11 9 7 13 13 15 2
1 1 3 1 3 1 5 6 2 3 3 1 9 13 13 6 4 17 2
1 1 2 3 2 1 5 7 6 6 9 6 8 2 11 5 1 5 13
1 1 3 2 4 3 3 4 7 4 5 8 3 3 1 2 11 8 4
1 1 3 2 1 4 4 6 4 10 3 7 4 14 15 8 3 4 9
1 1 2 2 5 5 3 6 4 5 5 3 3 9 5 15 7 5 14
1 2 1 1 4 2 2 5 3 3 5 6 10 11 6 11 13 12 2
1 1 1 1 4 3 7 3 1 5 5 3 7 10 9 11 3 6 19
1 1 2 2 4 1 7 1 1 6 5 8 5 5 3 12 16 7 7
1 2 3 1 4 6 7 3 3 3 2 2 10 13 5 13 17 10 11
1 1 2 3 1 3 3 3 6 1 4 9 8 1 3 4 7 18 2
1 2 1 1 2 4 5 2 3 9 6 6 1 9 2 11 4 11 7
1 1 1 4 1 4 6 6 7 10 5 3 6 6 2 5 17 2 15
1 2 1 4 1 3 4 8 9 9 2 10 12 11 14 16 17 6 8
1 1 2 1 1 4 5 8 5 5 6 7 4 9 6 3 7 10 1
1 1 2 4 2 3 3 1 6 10 5 8 11 7 11 11 9 15 14
1 1 1 4 4 4 6 8 9 9 7 11 9 3 11 15 11 6 6
1 1 3 2 3 2 6 2 5 3 5 10 4 10 10 10 6 2 12
1 1 2 3 5 1 5 6 4 4 3 9 12 4 1 4 16 2 5
1 2 3 3 5 3 4 2 3 9 7 6 12 6 15 3 11 9 16
1 1 2 2 1 5 1 5 5 1 5 2 9 14 4 11 2 15 5
1 2 1 1 3 6 3 7 6 10 2 10 4 5 7 5 7 9 9
1 2 2 2 1 4 4 5 6 7 2 11 2 6 2 7 5 14 7
1 2 3 2 4 2 2 4 2 7 4 9 4 8 6 9 1 12 11
1 1 2 1 3 1 6 4 2 7 10 12 2 12 13 1 8 13 3
1 2 1 3 1 5 5 8 8 4 5 4 5 9 6 12 4 11 7
1 2 2 2 4 3 6 6 3 2 3 6 8 9 14 15 12 7 14
1 2 2 1 2 1 2 6 5 7 6 4 3 2 6 7 15 9 7
1 1 3 3 4 6 1 3 3 2 8 5 1 11 7 5 16 2 18
1 1 1 3 1 5 5 2 5 9 11 6 11 10 7 4 1 16 1
1 1 3 4 3 2 1 8 2 3 11 11 10 12 11 13 17 17 16
1 2 1 3 5 1 6 2 7 6 4 12 12 8 10 8 10 7 15
1 1 2 1 1 6 6 2 9 6 11 9 13 10 2 11 4 17 9
1 2 1 2 4 5 7 5 4 6 2 3 13 5 7 13 14 9 4
1 1 2 2 2 6 6 1 7 9 4 10 3 3 13 7 16 18 2
1 1 2 4 4 6 7 6 4 9 11 11 13 2 4 6 17 11 4
1 2 3 2 3 1 5 8 2 2 8 11 9 7 6 16 17 18 1
1 2 2 2 2 4 1 7 7 4 3 8 2 11 2 1 16 8 6
1 1 2 2 4 5 2 2 5 6 11 3 6 9 7 7 17 5 15
1 2 2 4 1 5 1 8 3 10 8 11 1 1 4 9 16 16 6
1 2 1 2 2 3 5 4 8 6 6 3 1 10 11 16 17 8 11
1 2 1 4 1 3 3 4 2 4 3 3 9 10 7 13 10 3 13
1 2 2 1 5 4 2 6 9 3 7 2 12 8 4 15 1 16 8
1 1 2 1 2 4 1 7 2 3 7 5 2 11 6 4 17 13 3
1 2 1 2 4 3 4 7 6 9 2 10 10 7 12 5 7 6 12
1 1 1 3 1 5 6 2 4 4 1 12 11 13 4 8 13 11 17
1 1 3 2 3 3 4 7 1 6 5 11 3 5 10 5 13 13 9
1 2 3 4 3 4 1 2 2 3 11 2 6 4 5 2 14 12 14
1 2 2 4 4 1 4 5 3 6 8 6 1 10 6 11 15 5 3
1 2 3 1 2 1 1 8 7 6 11 9 6 4 13 16 1 12 8
1 2 3 1 3 3 6 3 8 1 9 1 1 8 7 1 12 1 5
1 1 1 1 4 4 5 5 6 6 7 3 8 14 14 10 10 11 2
1 1 2 4 3 6 7 5 1 3 9 1 6 2 15 12 15 13 6
1 1 1 3 4 4 7 2 9 6 9 5 13 6 3 9 9 1 17
1 2 3 4 1 2 5 7 7 8 2 8 3 12 1 15 9 5 8
1 2 1 3 1 2 7 4 8 1 7 7 12 12 1 12 12 3 16
1 1 3 4 4 6 7 3 1 4 7 3 11 8 2 13 15 17 13
1 2 3 1 4 6 7 3 5 10 4 5 1 14 13 15 7 10 19
1 2 3 2 2 1 6 2 4 1 2 7 10 8 13 5 6 8 19
1 2 2 2 2 3 4 1 8 5 6 2 2 8 6 7 15 6 4
1 1 1 1 4 1 2 1 2 2 11 9 2 13 15 1 4 12 8
1 1 3 1 2 2 5 1 2 1 9 6 7 10 6 12 13 7 13
1 1 3 1 5 5 2 1 6 8 8 9 4 11 7 16 3 4 13
1 1 2 2 1 5 2 5 1 3 11 11 13 12 11 13 15 13 18
1 1 3 2 1 5 5 7 6 6 9 8 5 2 6 4 9 14 12
1 2 3 2 4 2 7 3 7 5 8 5 13 13 2 4 3 10 18
1 2 1 2 1 2 5 8 5 2 7 12 12 8 10 15 4 3 2
1 2 3 1 4 4 3 6 1 2 11 6 13 14 7 10 14 17 8
1 1 1 1 2 2 7 2 4 1 7 10 5 11 2 7 12 4 11
1 2 3 3 5 1 2 2 7 8 4 6 3 10 5 8 6 4 17
1 2 2 2 5 5 5 4 2 2 7 10 5 2 14 2 6 10 7
1 2 1 4 1 4 7 2 9 2 10 1 5 9 14 5 3 13 14
1 2 3 2 2 3 6 6 7 1 9 7 1 8 2 2 4 8 5
1 1 3 2 3 1 6 1 8 10 1 10 12 5 4 8 11 9 9
1 1 3 4 3 3 3 5 8 7 6 11 10 3 3 12 8 1 7
1 1 1 1 5 3 4 2 1 4 1 3 9 9 4 13 17 3 15
1 2 3 2 1 5 1 3 3 5 3 12 8 3 5 6 12 11 15
1 2 1 3 5 6 7 5 1 9 2 1 13 11 13 3 17 17 17
1 2 1 2 4 6 4 5 4 7 10 2 8 13 9 15 9 18 5
1 1 1 4 1 3 2 1 2 6 3 3 1 10 2 14 2 14 5
1 2 1 3 5 6 6 5 8 2 5 10 13 8 8 9 16 17 9
1 2 2 4 5 1 1 8 7 2 7 7 9 11 12 13 1 12 16
1 2 1 2 1 4 3 3 9 7 3 4 8 1 7 4 14 16 8
1 2 1 1 2 2 1 4 5 5 1 4 1 9 5 16 16 11 1
1 2 2 1 1 4 2 8 5 9 4 6 8 10 10 1 13 17 13
1 1 1 1 1 4 4 8 3 8 10 2 8 5 8 9 12 5 19
1 1 1 3 4 4 3 5 1 8 5 4 1 13 11 13 4 5 19
1 2 1 1 2 6 2 2 1 4 7 1 9 6 2 1 2 2 1
1 2 3 3 5 4 1 4 8 4 2 11 12 8 14 12 3 1 9
1 2 3 4 1 6 1 3 9 7 2 2 5 2 5 9 2 17 13
1 2 3 1 4 1 2 8 3 4 11 1 5 6 12 1 12 6 2
1 2 1 2 4 4 6 1 8 2 3 8 7 4 1 7 9 9 6
1 1 2 2 4 2 6 2 4 10 2 9 9 6 8 16 6 2 14
1 1 1 2 3 5 6 4 1 6 5 4 9 5 14 8 5 7 8
1 1 2 2 1 6 3 7 4 7 5 6 8 2 11 2 9 8 13
1 2 3 4 2 2 6 8 1 6 5 10 8 10 4 15 7 16 17
1 1 2 4 1 2 5 8 7 4 1 8 6 14 9 2 14 2 9
1 1 3 3 5 5 7 2 8 7 8 9 5 3 12 13 14 15 8
1 1 3 4 1 6 6 2 8 3 6 7 2 2 9 14 1 4 15
1 1 2 4 5 4 4 1 1 1 9 8 8 3 15 13 10 13 2
1 2 2 4 3 5 1 6 8 9 7 6 3 2 9 7 16 10 10
1 2 1 1 5 4 7 4 1 4 11 10 11 3 11 2 8 8 18
1 1 1 4 4 5 3 1 5 2 5 6 1 14 5 8 15 1 15
1 2 2 2 5 2 3 6 7 1 2 7 6 14 15 5 14 10 3
1 2 3 1 4 1 2 1 5 6 3 3 12 8 11 12 16 1 19
1 2 1 3 2 6 1 2 4 10 1 2 8 8 3 8 12 13 13
1 2 2 4 5 4 4 8 5 2 3 5 8 5 14 13 5 11 8
1 2 1 1 4 5 4 3 4 8 6 8 1 14 12 10 6 15 10
1 1 3 1 3 3 2 5 6 8 10 12 7 11 15 1 17 7 7
1 1 1 4 5 6 7 3 6 7 4 10 2 9 1 5 6 3 13
1 1 1 3 5 3 3 6 2 7 6 10 6 4 3 16 14 9 8
1 2 1 1 1 5 1 6 1 10 3 8 13 5 5 14 5 13 5
1 2 2 2 4 3 4 6 7 8 6 10 9 1 5 14 8 4 6
1 2 1 2 1 6 2 5 1 1 3 3 10 11 7 7 4 7 14
1 2 3 3 5 2 4 6 9 1 11 7 9 13 5 15 14 5 11
1 2 1 1 1 1 6 8 8 2 1 1 10 10 14 8 1 6 8
1 1 1 4 2 4 5 5 3 10 4 2 6 3 1 1 3 2 6
1 1 3 3 3 4 2 8 4 10 7 9 6 4 13 16 3 14 13
1 2 2 3 4 2 1 6 9 3 8 4 10 13 14 3 3 8 9
1 1 3 4 2 5 1 1 3 10 11 10 2 11 13 7 4 6 13
1 2 3 4 3 6 3 7 3 6 6 5 9 5 15 1 4 13 3
1 1 3 2 2 2 6 6 3 10 5 12 8 8 12 11 1 14 15
1 2 1 2 5 6 6 2 1 3 4 7 12 4 4 3 10 15 10
1 1 1 4 4 1 3 6 7 5 2 1 8 14 1 13 7 6 17
1 2 2 2 2 5 3 6 4 8 9 3 2 1 3 16 11 13 11
1 2 2 3 3 2 6 6 2 4 10 5 9 3 14 9 15 4 16
1 1 3 3 4 5 7 6 1 5 6 5 4 1 3 16 9 14 19
1 2 1 4 1 5 7 4 5 5 8 8 7 4 5 13 9 8 6
1 1 3 2 3 3 3 2 7 8 1 12 5 13 10 9 14 3 3
1 2 1 1 3 1 3 3 8 2 2 6 6 6 1 6 3 7 14
1 2 2 1 5 5 2 5 6 2 7 3 5 7 2 5 2 6 11
1 1 2 2 1 4 6 7 4 9 10 1 10 10 2 2 7 2 1
1 1 1 2 5 4 1 3 4 4 3 3 10 13 15 2 10 6 14
1 1 2 3 4 4 6 1 4 5 4 9 4 14 2 2 5 1 8
1 1 3 2 5 6 1 5 9 1 6 2 1 5 7 15 6 7 13
1 2 1 4 3 6 2 7 5 10 11 1 9 14 14 4 8 8 19
1 1 2 4 5 6 6 5 4 7 1 10 7 14 1 5 8 12 2
1 1 1 3 4 2 1 4 4 10 4 9 3 2 6 16 17 8 3
1 1 3 2 3 4 1 3 6 10 9 8 3 3 2 12 15 15 17
1 1 2 4 4 2 6 4 3 8 6 12 12 10 3 2 6 1 1
1 2 1 2 1 5 3 4 5 5 8 6 5 13 6 9 3 8 10
1 1 1 4 2 5 1 2 6 6 11 6 2 8 14 10 5 7 15
1 1 2 2 1 2 5 8 8 7 9 3 5 14 7 15 8 3 8
1 2 3 4 5 4 4 1 3 2 9 6 13 2 14 5 16 5 2
1 1 3 1 2 3 5 4 3 3 8 9 9 5 9 15 17 11 3
1 1 1 1 2 6 6 5 6 1 10 9 1 9 9 16 6 15 13
1 2 1 1 2 6 2 6 8 3 7 4 1 8 2 11 2 2 11
1 1 1 3 1 1 7 4 4 6 10 12 9 12 8 13 8 17 9
1 1 3 1 1 5 3 1 5 10 9 6 13 3 6 8 1 6 8
1 1 3 2 1 2 1 3 2 6 4 8 5 1 3 10 13 16 5
1 2 2 1 5 2 6 5 5 4 9 5 13 10 1 12 4 6 14
1 1 3 2 3 4 3 4 5 4 8 11 3 13 6 8 9 18 11
1 1 2 1 2 3 2 3 2 10 7 9 2 7 12 1 14 18 2
1 1 2 1 5 4 3 5 9 10 9 7 11 11 4 11 10 8 3
1 2 1 1 3 4 3 1 2 5 2 5 9 11 1 13 2 4 16
1 2 1 3 1 5 3 7 2 3 7 11 6 12 1 4 17 15 1
1 1 2 1 5 2 7 3 7 4 7 11 13 14 8 7 13 11 7
1 1 1 3 5 4 5 2 2 6 2 9 12 3 8 7 13 14 1
1 1 3 2 5 5 2 2 9 4 4 5 7 9 3 2 4 5 15
1 1 3 4 3 5 4 6 3 2 9 5 4 13 8 12 7 5 13
1 1 2 3 5 1 4 5 7 4 9 9 9 14 1 11 5 12 15
1 2 2 2 1 5 4 8 3 8 8 9 12 1 13 13 15 17 17
1 2 1 1 3 5 5 6 4 8 4 2 8 13 1 7 7 9 16
1 2 1 1 1 5 4 6 9 5 1 8 11 6 4 7 1 11 16
1 1 2 1 1 6 7 2 5 6 9 11 3 3 13 12 10 14 14
1 1 3 3 5 2 1 4 9 1 6 7 10 5 6 16 1 18 3
1 1 1 1 3 1 5 1 1 7 10 10 13 4 13 3 7 8 4
1 2 3 3 1 4 1 5 7 9 4 3 11 10 15 8 11 6 9
1 1 2 2 3 1 2 3 6 7 6 12 5 4 10 5 10 4 18
1 1 2 1 3 4 1 3 3 5 9 6 3 2 5 4 12 3 3
1 2 3 3 4 5 2 3 8 6 9 8 10 10 15 8 2 3 9
1 1 2 4 4 6 2 5 3 8 3 7 9 3 2 7 5 11 18
1 2 2 2 2 4 7 6 4 10 3 8 12 11 6 4 5 4 7
1 2 3 4 4 5 5 4 5 6 10 6 13 10 2 2 8 14 12
1 2 3 4 5 5 7 8 9 7 4 7 11 7 10 14 9 12 11
1 1 2 4 4 2 1 8 6 4 4 8 8 6 13 10 17 3 8
1 2 2 3 1 1 3 7 7 9 2 9 1 2 1 12 7 3 13
1 2 1 4 1 3 6 2 1 7 11 1 8 8 3 9 16 3 14
1 2 2 3 2 1 6 2 6 2 6 2 3 7 14 7 6 8 6
1 2 3 3 1 6 5 8 1 5 3 6 7 5 11 7 12 7 14
1 1 1 1 3 1 7 4 7 5 1 9 7 14 5 8 7 2 13
1 1 2 3 2 6 3 6 8 9 11 6 10 6 2 6 12 12 18
1 2 1 3 1 3 5 5 1 7 5 12 5 14 1 7 17 5 15
1 1 2 2 5 2 4 7 8 5 8 11 7 3 3 15 3 17 19
1 2 2 2 5 6 4 2 5 5 4 1 12 4 9 15 10 14 16
1 1 2 2 2 2 4 3 4 8 5 2 5 14 1 13 6 15 19
1 1 1 2 1 6 6 5 3 9 5 11 10 8 15 4 12 1 19
1 1 2 2 3 4 2 4 7 2 9 3 8 9 4 10 1 17 4
1 2 1 4 4 1 4 7 9 5 1 6 9 12 13 15 8 16 2
1 2 2 1 1 3 1 1 1 6 2 12 2 13 5 13 5 13 19
1 1 1 4 4 2 3 2 8 2 11 1 2 11 9 14 17 17 18
1 1 2 1 4 4 3 2 5 8 3 2 4 9 1 12 11 1 8
1 1 2 3 2 1 7 5 8 4 8 12 9 13 10 12 16 11 6
1 2 1 4 3 1 2 5 6 4 9 4 13 10 3 16 1 6 5
1 2 1 2 4 2 5 2 5 4 7 11 8 2 12 14 5 16 15
1 2 1 2 4 6 3 2 8 6 6 8 1 6 3 12 10 11 4
1 1 2 1 5 1 7 2 4 10 6 9 9 14 5 7 8 14 19
1 2 1 3 2 6 2 4 4 8 7 7 8 8 10 10 16 8 6
1 1 2 2 1 1 4 4 4 3 3 10 2 11 3 10 17 14 6
1 2 2 3 5 4 7 3 7 6 5 6 4 8 14 14 16 14 18
1 1 1 4 3 4 7 8 3 2 5 10 12 9 12 14 16 3 1
1 1 2 4 2 3 2 8 1 3 7 1 3 6 15 13 2 3 11
1 2 1 4 2 6 1 4 8 9 2 9 5 7 11 16 5 6 15
1 1 2 2 5 3 4 6 7 6 7 11 3 12 8 15 6 5 17
1 2 1 3 2 3 6 6 6 1 5 2 5 9 2 2 2 5 15
1 1 2 2 4 5 3 7 7 1 10 4 4 11 13 4 9 2 2
1 2 2 4 2 3 4 7 7 2 9 2 7 8 9 1 10 5 9
1 1 2 1 2 5 7 2 1 2 8 11 1 7 14 13 8 7 7
1 1 2 1 1 6 2 7 6 10 10 11 4 10 14 5 14 16 15
1 1 2 4 1 1 6 1 6 2 11 5 10 9 12 7 6 6 18
1 1 1 2 5 3 4 4 5 9 8 4 6 10 2 11 14 3 15
1 1 2 2 3 6 2 8 6 1 1 3 9 1 12 14 12 12 4
1 1 2 1 1 2 1 4 9 4 3 12 10 6 12 12 13 8 16
1 2 1 2 1 2 1 5 1 2 9 12 3 2 5 2 5 14 16
1 1 1 3 5 6 3 3 7 1 3 3 5 3 14 14 11 2 1
1 1 1 3 1 1 5 4 1 8 1 12 1 7 2 10 11 16 1
1 1 2 1 3 4 2 3 7 6 6 5 13 11 14 6 13 6 18
1 1 1 1 1 3 4 7 7 3 2 1 11 13 8 16 3 15 19
1 1 1 3 2 4 2 1 4 5 9 8 12 1 15 4 9 1 19
1 1 3 2 3 2 5 7 7 9 3 12 8 11 12 4 3 3 14
1 1 1 2 2 2 1 2 3 2 9 11 7 3 13 3 4 2 7
1 1 3 1 5 4 5 5 7 6 3 3 13 11 10 1 11 2 18
1 1 2 4 5 5 5 2 7 5 9 11 7 1 11 7 11 1 6
1 2 1 3 4 2 3 2 7 9 10 4 2 12 14 9 6 14 13
1 1 3 4 4 5 4 8 2 2 5 8 10 11 13 5 3 12 1
1 2 3 4 5 4 5 5 4 5 10 11 7 14 8 14 8 4 12
1 1 3 4 5 5 2 5 7 5 8 6 11 6 8 4 12 10 6
1 1 2 2 1 1 1 3 2 1 4 5 10 9 2 10 3 9 7
1 1 1 3 2 3 2 5 7 2 4 10 3 10 3 10 16 10 12
1 1 1 3 3 1 5 5 4 2 2 7 4 7 5 13 15 14 12
1 1 3 4 4 5 5 5 4 5 4 8 7 7 15 2 8 1 12
1 1 3 1 3 4 1 4 3 8 6 5 12 2 9 11 15 10 11
1 2 1 2 5 4 2 6 9 2 5 9 9 8 10 13 7 3 7
1 2 2 2 1 5 1 6 9 8 2 3 11 3 15 9 7 10 6
1 2 1 4 1 6 3 4 6 5 6 7 6 8 14 6 3 12 16
1 1 2 1 4 5 3 5 4 8 5 4 3 12 15 1 7 17 7
1 1 1 3 5 6 4 2 2 2 6 6 9 14 8 3 6 5 3
1 2 3 2 5 6 6 1 5 7 7 9 10 14 6 2 1 11 14
1 1 1 4 5 4 6 3 9 1 1 3 13 2 4 15 1 2 18
1 1 1 3 4 2 5 2 9 10 6 9 6 14 2 13 2 18 13
1 1 3 2 2 1 4 6 3 1 10 8 10 7 9 12 3 10 13
1 1 1 1 2 1 6 3 9 6 8 10 9 1 10 6 1 8 4
1 2 3 4 2 6 4 2 2 1 2 3 11 11 6 12 12 16 6
1 1 3 4 4 4 4 2 4 1 4 4 11 7 3 8 12 16 3
1 1 3 1 1 2 6 1 1 5 3 3 1 8 6 16 1 2 19
1 1 2 1 5 5 3 4 9 2 7 3 3 7 4 6 12 13 8
1 1 1 1 5 3 2 1 8 2 1 2 2 14 7 15 16 7 19
1 1 2 1 4 3 4 1 8 3 6 9 1 7 10 16 15 13 8
1 1 2 3 3 6 7 6 9 1 5 10 8 8 14 12 13 16 1
1 2 1 2 4 5 7 5 1 1 10 12 11 11 1 1 1 16 17
1 2 3 4 3 6 6 8 4 7 8 4 2 9 11 2 2 6 2
1 2 1 1 3 5 7 8 3 6 2 7 9 8 14 9 11 10 16
1 2 3 3 1 5 5 2 1 2 9 3 5 9 11 11 11 16 3
1 1 2 3 1 3 2 5 9 4 8 9 2 2 13 10 17 16 19
1 1 3 4 3 4 4 6 2 1 8 1 12 2 5 2 7 13 13
1 1 1 4 5 4 2 8 8 1 11 10 11 7 11 10 4 18 18
1 1 2 4 3 4 4 1 8 3 8 8 10 12 11 6 15 18 18
1 2 2 4 5 6 3 5 5 5 9 12 7 6 3 11 4 6 7
1 1 2 2 4 1 4 6 8 3 1 6 10 11 14 4 7 8 18
1 1 3 3 3 1 2 7 1 2 8 1 9 1 2 8 7 12 6
1 1 2 4 2 6 2 5 9 4 3 2 12 3 11 14 9 10 19
1 2 1 4 5 1 3 6 2 7 8 10 13 12 14 16 3 16 5
1 2 2 4 4 6 7 4 9 9 7 11 12 6 10 12 2 18 18
1 1 2 2 4 1 2 2 5 7 5 3 6 2 9 2 14 4 12
1 2 3 4 3 6 3 5 6 5 3 8 4 12 9 2 4 10 12
1 1 3 3 1 5 7 1 7 9 4 10 10 9 15 6 8 10 13
1 2 1 3 4 2 6 4 3 2 3 9 2 11 7 9 9 11 18
1 2 3 2 1 3 2 3 9 6 10 2 2 9 8 2 8 13 3
1 1 2 3 4 4 6 8 7 3 7 9 8 11 1 16 2 11 3
