1000 1000 20
473 7 174
120 133 60
83 738 2
162 935 487
125 759 129
41 87 1246
136 452 368
969 672 14
392 159 95
757 552 95
707 918 78
517 889 271
137 699 165
350 985 77
674 272 74
639 712 2
467 602 362
170 483 1072
871 637 80
672 641 352
174 633 71
873 165 120
202 819 205
991 985 71
173 409 188
663 113 241
938 654 666
536 592 38
246 866 143
984 60 229
34 532 95
659 575 198
517 831 15
748 980 100
703 629 28
541 766 151
724 103 182
389 45 374
927 652 89
993 803 188
462 117 272
872 819 146
482 390 123
542 55 394
281 285 260
591 721 399
898 377 128
487 980 60
868 55 166
736 250 262
12 424 172
964 398 306
576 344 42
877 785 273
416 872 1476
98 438 32
346 305 146
290 266 160
56 24 31
867 169 101
98 602 721
611 875 283
532 275 66
113 777 146
564 35 131
492 457 66
639 885 70
628 818 71
408 185 96
820 606 55
546 737 451
935 324 428
613 321 37
239 741 10
746 46 60
737 168 80
906 619 159
983 127 47
858 748 448
180 187 451
442 21 355
745 676 129
629 738 38
770 195 128
248 550 150
259 968 227
164 8 112
283 684 388
806 615 150
247 833 29
237 426 180
911 25 7
8 970 32
508 830 1242
883 863 143
244 887 25
979 430 470
951 959 198
172 217 473
45 541 144
776 624 329
76 206 605
861 262 206
346 388 66
631 767 237
702 746 159
984 135 305
329 620 169
589 972 321
533 208 145
970 688 353
965 478 18
988 790 1483
844 42 23
799 175 146
29 274 271
697 71 400
619 216 315
395 375 389
802 949 31
404 736 192
42 325 11
487 707 25
513 696 27
169 676 144
841 639 132
707 853 461
236 173 254
468 483 362
338 430 176
92 358 372
400 389 143
62 634 69
384 676 58
287 892 318
235 127 469
624 547 90
684 100 438
504 21 17
554 344 37
627 369 175
675 669 9
805 124 17
179 364 190
158 88 11
430 202 165
976 125 213
680 10 23
869 287 137
781 411 425
235 933 66
785 287 73
294 370 118
419 433 185
223 272 183
227 54 369
430 591 170
408 369 174
6 894 450
284 239 427
640 213 194
572 312 81
539 674 1276
564 795 1110
285 11 73
494 998 275
984 710 193
29 445 193
461 884 58
572 295 173
209 59 2
820 232 119
251 747 500
670 9 122
447 596 176
183 696 126
393 0 121
251 939 391
982 723 19
322 790 468
901 358 73
475 670 371
804 719 12
949 425 399
548 194 5
643 990 110
35 27 71
546 233 97
374 205 377
610 420 206
848 843 443
771 215 241
476 338 378
65 83 177
271 22 312
956 821 86
895 423 372
567 774 217
37 482 189
349 893 451
814 393 356
89 635 598
547 333 91
440 595 174
137 662 188
269 771 128
14 943 3
896 696 7
795 797 37
563 657 118
906 414 216
270 713 132
956 623 52
469 116 260
693 837 138
56 635 182
535 46 280
973 266 296
972 812 41
601 70 128
311 917 18
773 947 605
511 573 162
177 880 191
508 918 108
91 723 111
897 638 307
817 548 140
729 124 158
638 26 38
310 754 82
255 582 180
53 513 154
304 78 184
84 336 102
957 814 185
314 183 1032
681 324 134
121 378 283
960 626 115
77 518 109
263 98 12
974 394 316
786 50 459
266 394 81
575 543 604
644 33 157
19 398 117
231 530 131
157 836 297
554 340 349
632 799 148
464 206 448
834 274 1375
295 211 312
329 47 199
112 80 109
122 496 281
9 279 187
52 359 180
482 916 56
624 297 278
783 623 137
310 526 164
901 996 247
811 995 136
134 607 73
261 122 64
879 174 14
896 548 230
890 556 61
692 519 121
757 912 424
959 232 440
804 437 152
140 402 1067
709 444 57
504 152 21
811 843 160
177 612 89
138 332 102
342 862 1395
750 678 148
47 453 2
191 837 376
958 396 226
168 963 25
803 479 423
293 371 132
324 566 17
66 446 158
446 647 209
157 169 10
165 910 32
552 643 496
924 847 105
389 242 90
862 418 759
447 450 35
259 345 142
306 499 169
170 186 176
213 253 23
858 355 466
503 449 52
194 805 1058
410 115 16
191 330 40
334 758 773
568 440 451
236 212 172
368 871 243
786 141 241
830 413 15
848 937 175
500 662 128
588 156 194
760 57 419
933 703 151
108 673 127
336 200 55
427 140 67
464 116 97
573 183 319
614 476 131
978 897 142
930 513 315
464 897 54
445 636 184
983 908 111
295 855 151
261 498 194
152 476 373
522 910 198
739 234 405
569 416 190
457 7 169
964 294 37
881 851 98
726 795 197
185 404 382
570 333 130
288 114 5
873 657 320
421 745 251
407 250 51
379 671 554
125 308 362
425 424 335
633 220 180
165 750 797
599 942 169
684 674 459
471 380 38
177 650 124
49 49 112
669 480 183
146 50 399
802 613 130
270 569 295
521 995 355
390 197 103
691 931 43
273 987 149
550 619 210
409 686 30
253 277 492
750 314 159
814 724 90
285 902 290
17 922 33
79 940 1227
1 357 20
402 279 176
315 891 180
359 543 170
406 627 122
40 55 413
416 990 38
353 917 33
256 5 204
565 535 323
474 523 65
680 644 200
695 585 190
333 755 90
329 41 86
336 454 470
467 459 96
521 906 271
502 524 466
546 165 88
330 986 344
613 926 143
360 901 43
195 507 414
523 801 151
300 361 50
427 470 205
986 835 76
230 4 45
4 422 184
585 766 174
370 713 346
791 329 4
107 668 184
127 991 1461
494 745 21
260 569 17
693 823 809
310 254 988
213 358 89
524 396 172
592 450 472
279 540 472
189 163 75
126 554 283
892 668 309
12 277 255
488 481 179
232 980 189
285 135 43
781 721 144
923 530 80
126 834 70
694 960 368
497 2 88
96 827 61
566 587 158
214 680 386
516 65 4
160 843 386
194 422 294
205 103 87
238 883 795
35 1000 164
902 962 154
488 101 36
110 951 161
85 666 67
329 971 202
736 680 337
656 323 468
334 168 69
507 855 146
752 355 398
826 110 92
917 746 303
600 145 321
974 768 633
997 551 195
22 600 1304
592 978 17
455 722 309
93 548 231
607 791 186
508 42 484
85 884 86
950 615 61
660 494 200
100 827 82
675 805 263
123 993 173
460 416 18
281 321 88
768 901 1455
520 152 869
55 731 403
591 203 111
267 170 311
575 895 432
680 425 432
1000 78 312
295 783 18
867 542 452
338 895 151
246 70 62
20 778 168
349 710 126
945 844 179
997 551 139
627 37 165
177 8 47
154 116 331
235 338 70
741 342 75
127 776 104
857 817 427
350 560 302
582 450 180
906 736 83
794 184 6
36 599 340
527 173 165
688 973 127
724 143 165
468 862 78
451 507 431
860 345 255
573 445 454
429 652 150
581 582 300
823 157 169
681 954 135
370 542 132
855 111 370
625 258 111
94 642 106
38 194 186
385 797 152
111 134 1278
968 948 134
798 901 2
938 476 120
356 737 137
254 499 15
710 904 349
181 498 46
913 633 99
500 249 152
942 76 676
114 695 315
862 621 29
43 105 142
899 824 176
722 89 387
850 2 175
731 485 389
329 387 86
702 100 55
432 332 459
61 334 483
752 476 184
100 614 244
38 294 488
251 475 151
325 29 84
692 704 74
733 513 131
905 72 69
494 386 116
607 684 265
102 389 436
684 50 32
76 646 207
625 878 52
571 940 27
801 410 70
974 88 16
816 174 82
885 601 198
838 32 29
182 378 29
763 719 444
140 425 172
50 836 20
34 471 319
556 640 3
692 246 419
875 266 3
592 192 254
672 435 150
146 187 418
527 600 4
530 454 89
249 735 33
807 84 2
795 293 16
76 528 78
968 384 443
947 36 126
610 40 205
474 400 127
300 363 24
451 447 45
398 302 59
415 430 12
566 817 157
467 619 352
61 420 104
875 986 165
647 450 39
966 955 1362
786 819 49
455 613 126
249 737 48
136 273 364
662 748 497
602 687 163
608 816 105
601 167 31
256 151 314
351 527 362
746 547 115
780 995 142
804 623 426
880 355 359
732 928 94
915 39 1191
426 519 399
986 522 180
943 127 313
893 17 70
437 718 96
664 37 252
719 69 408
558 983 37
556 565 278
221 351 130
656 5 20
796 195 120
194 72 459
574 273 496
226 783 7
556 186 448
902 328 270
694 416 31
867 584 87
519 264 83
553 97 142
858 828 99
194 993 438
48 879 93
806 213 437
365 638 3
680 629 358
440 456 36
951 637 167
135 446 56
509 396 90
769 852 120
491 457 164
841 135 147
121 947 157
35 704 868
784 526 132
480 792 138
577 752 163
689 718 158
298 860 64
46 519 261
793 505 146
839 916 473
808 288 445
711 876 40
640 684 66
2 446 486
729 567 350
655 54 96
226 362 155
386 862 347
228 815 17
480 943 243
355 902 195
597 79 266
128 579 1440
817 881 130
530 750 272
343 196 72
244 897 273
119 783 248
953 24 92
539 952 474
413 758 259
534 820 61
427 370 66
945 7 85
144 689 46
250 625 350
331 206 39
818 679 832
963 877 189
688 271 120
912 500 97
342 961 280
482 623 122
664 917 125
975 996 469
731 146 488
548 337 310
875 17 142
908 406 9
647 206 282
517 802 405
42 721 86
482 779 100
640 760 303
458 78 97
974 37 329
892 950 261
340 122 398
434 923 250
512 260 1408
502 226 489
559 728 50
267 19 606
289 784 178
322 624 198
359 909 465
842 216 193
283 598 73
797 427 83
392 584 212
885 151 92
139 879 254
867 552 120
274 582 460
393 498 83
636 264 176
719 410 410
440 205 129
683 411 31
127 861 133
67 50 186
549 349 425
432 970 57
338 586 33
922 531 228
622 966 171
409 369 116
932 55 105
45 719 436
334 469 478
10 48 172
566 824 39
860 869 99
982 119 269
636 577 46
5 754 79
237 679 199
191 808 313
136 932 67
586 157 139
348 230 484
864 298 198
852 37 258
826 193 143
754 145 160
438 607 330
393 92 416
654 257 137
935 928 78
436 563 51
142 929 155
106 635 104
175 627 77
204 608 493
301 639 193
492 8 36
767 674 186
629 537 189
760 43 55
595 785 101
805 957 74
386 664 33
792 794 31
896 155 277
518 573 139
49 702 7
883 465 112
414 767 69
721 867 370
218 984 357
844 248 473
266 256 61
163 330 3
389 740 77
274 771 58
206 429 218
775 412 259
482 645 104
308 207 127
220 148 403
929 618 32
442 580 165
395 460 31
300 553 251
958 25 42
291 718 21
467 538 486
790 953 350
360 687 412
935 579 474
608 891 190
901 427 387
514 522 184
218 860 733
197 663 18
670 917 175
192 285 75
218 589 307
659 968 32
170 688 149
872 394 1454
811 656 110
525 231 294
556 860 182
477 944 106
313 456 31
385 321 43
105 875 148
503 940 321
571 468 290
229 818 382
518 453 196
622 777 189
20 630 26
611 962 117
841 834 30
917 442 179
429 264 176
544 919 132
337 453 1324
380 478 65
997 962 199
429 504 39
926 506 91
143 946 104
96 543 358
59 224 248
326 431 202
984 675 99
137 727 147
332 543 178
628 134 470
535 258 115
179 527 94
284 460 128
803 121 43
739 25 87
632 532 116
180 717 163
628 972 88
753 437 162
265 410 80
338 781 97
527 91 77
30 88 175
554 446 42
853 193 99
677 880 149
600 156 174
46 806 163
337 709 411
685 448 137
168 747 455
962 479 179
323 215 110
934 376 284
98 790 217
283 316 14
376 350 188
145 522 73
495 2 100
568 568 181
443 263 286
845 470 230
130 604 182
289 646 210
546 196 60
108 518 153
616 844 72
686 290 526
298 964 279
323 991 110
722 436 498
569 47 86
977 487 6
814 601 24
877 387 182
155 719 378
545 906 75
599 968 163
734 532 68
727 539 250
388 658 416
99 672 95
406 653 134
920 177 35
726 665 174
447 393 120
956 58 403
356 778 152
214 969 185
144 975 124
140 96 90
983 855 321
543 591 28
113 388 154
445 743 304
255 646 180
797 526 91
307 949 59
403 701 264
895 44 44
604 885 413
527 631 131
83 824 193
642 189 1023
704 987 220
641 190 186
940 901 62
630 75 386
333 509 309
17 466 170
990 651 268
294 310 113
92 834 71
400 856 113
991 683 193
320 264 71
964 61 92
659 233 375
331 621 124
808 760 140
602 718 80
800 371 330
94 383 46
840 84 106
60 387 143
211 233 353
528 391 211
182 704 785
511 832 391
137 169 50
53 294 173
114 631 222
359 170 144
177 266 66
910 984 363
378 799 296
101 450 240
511 970 163
87 856 434
733 877 405
740 154 48
834 561 179
133 451 128
199 437 97
332 417 487
38 145 147
211 968 143
709 733 186
611 61 55
104 346 209
105 193 139
902 340 84
936 757 212
500 709 161
783 829 59
898 53 128
712 676 184
373 601 164
445 992 89
185 337 265
619 651 92
253 805 126
692 352 29
608 811 31
983 719 130
548 335 1344
917 471 93
982 65 306
452 904 333
747 944 106
563 312 104
174 350 211
429 231 25
682 334 263
553 650 101
163 342 25
304 914 174
489 401 35
906 890 102
420 460 204
289 422 152
903 391 31
852 258 127
125 940 189
208 23 451
384 395 32
567 2 57
306 575 248
268 313 310
93 549 314
927 314 299
586 484 377
777 723 57
439 955 383
727 329 24
507 556 29
905 43 187
386 345 160
564 436 165
315 421 302
120 105 347
942 787 125
906 598 59
456 354 392
32 662 322
1 1 3 2 2 3 2 7 9 2 1 2 8 14 11 13 2 3 9
1 2 2 1 4 2 5 1 5 3 3 6 1 13 6 9 5 15 12
1 2 2 4 2 4 1 8 3 3 6 7 11 5 2 9 1 14 2
1 1 2 4 5 4 4 8 4 3 11 9 12 6 15 11 12 13 13
1 1 3 1 3 1 1 2 1 1 11 5 2 9 2 10 8 10 12
1 2 1 2 3 6 4 1 6 1 10 10 10 9 10 15 13 6 3
1 1 3 4 1 5 3 7 5 1 7 1 6 12 1 3 1 16 19
1 1 1 1 4 6 6 5 7 9 2 4 9 7 7 9 2 11 4
1 1 3 1 3 4 6 5 5 8 4 4 3 13 10 5 1 9 18
1 2 1 1 1 6 1 8 8 3 3 6 7 7 12 15 8 1 8
1 1 2 2 2 5 5 7 8 3 9 11 8 10 7 10 16 7 6
1 2 3 2 1 5 4 5 8 4 6 7 2 14 1 9 9 15 5
1 2 1 3 5 1 4 4 7 3 2 12 7 10 5 9 11 4 5
1 1 3 1 3 6 3 3 4 10 6 5 11 5 9 11 13 10 2
1 2 1 3 3 1 6 5 4 7 1 8 6 3 2 4 9 9 2
1 1 1 4 2 4 6 1 2 4 3 8 5 6 4 6 1 17 3
1 2 1 3 3 3 7 5 4 9 9 6 2 12 2 3 16 7 15
1 1 1 1 1 4 4 4 1 6 2 2 1 1 5 5 7 14 14
1 2 2 1 5 5 4 3 9 6 9 12 11 9 3 15 9 5 17
1 1 1 1 1 4 7 7 1 4 2 9 5 7 10 2 2 12 17
1 2 1 4 4 6 2 1 4 9 7 11 7 9 1 11 12 10 4
1 2 2 1 1 6 2 6 3 6 7 2 10 11 6 11 14 10 8
1 1 3 3 2 6 7 8 6 8 1 11 3 4 5 14 9 4 11
1 1 2 3 4 4 5 3 1 1 4 4 13 13 3 8 8 9 17
1 2 2 3 3 2 3 6 4 1 4 11 3 1 3 13 3 11 13
1 2 2 1 1 2 2 3 3 10 9 11 6 5 8 14 1 15 4
1 1 1 1 3 2 4 5 4 2 7 3 5 11 5 3 10 10 4
1 1 2 3 5 5 2 7 9 3 5 8 6 10 5 4 4 13 10
1 1 3 1 1 6 6 3 4 5 9 6 9 2 2 10 6 1 11
1 1 2 4 1 6 4 7 1 6 3 10 4 7 3 12 7 15 17
1 1 3 1 2 6 4 1 7 5 4 10 3 9 1 2 5 5 5
1 1 2 1 5 3 5 2 5 7 7 1 3 12 9 3 12 9 9
1 1 2 4 5 1 6 4 1 1 8 8 13 10 12 9 17 1 11
1 1 1 1 3 2 3 5 2 6 10 10 4 4 4 6 8 8 15
1 2 2 1 5 1 1 5 8 2 7 5 2 5 11 3 15 4 2
1 2 2 2 3 2 4 7 2 6 1 4 3 10 7 5 6 12 10
1 2 1 3 4 3 2 5 2 9 5 2 11 12 13 6 12 16 6
1 1 2 2 1 4 3 4 7 7 10 12 7 2 9 3 17 11 14
1 1 3 4 3 3 7 2 9 1 4 4 7 9 7 3 6 8 15
1 2 1 3 2 2 1 7 3 5 2 7 11 11 6 15 6 3 4
1 1 3 4 2 4 6 6 9 9 2 5 6 3 6 8 4 7 13
1 1 3 4 2 5 4 7 2 7 7 11 5 3 1 12 9 17 2
1 2 2 1 1 1 5 8 6 2 11 6 6 7 14 11 3 2 2
1 1 1 2 1 5 6 1 6 7 2 8 7 13 11 6 7 11 19
1 1 2 2 5 1 7 5 8 7 7 9 13 10 9 5 5 18 8
1 2 2 2 3 4 3 6 6 9 8 4 12 7 1 14 17 9 19
1 1 3 1 5 5 3 2 3 2 8 10 4 11 10 6 8 17 3
1 2 1 3 1 1 6 6 3 6 8 11 2 6 12 15 13 9 16
1 1 3 1 2 2 1 7 5 4 6 10 10 12 9 2 12 11 7
1 2 1 3 3 1 4 2 7 2 2 1 7 10 7 16 7 13 15
1 2 2 4 3 5 1 2 6 7 1 1 9 1 2 11 11 17 14
1 2 2 3 1 4 1 7 8 9 4 5 3 11 1 13 17 8 11
1 1 3 1 5 1 6 1 5 6 8 6 8 4 3 14 17 5 2
1 1 1 1 5 1 4 2 1 1 1 9 5 3 5 5 2 13 13
1 1 2 4 4 4 6 5 4 7 11 2 3 9 7 5 2 11 11
1 1 1 1 2 1 5 3 7 8 8 12 12 7 3 13 13 6 16
1 1 2 3 2 3 5 4 8 8 5 10 8 6 3 8 15 14 18
1 2 3 3 1 3 7 8 1 1 3 12 6 1 15 7 1 1 4
1 2 2 2 3 3 2 1 2 7 2 8 12 1 9 13 16 17 14
1 2 3 4 2 4 6 8 2 10 10 11 13 7 3 14 14 11 13
1 2 3 3 5 3 3 1 7 10 11 12 13 1 4 12 1 12 9
1 1 3 4 4 1 4 7 7 3 2 9 13 11 9 15 3 13 15
1 2 3 1 4 1 2 7 6 1 4 6 1 9 10 6 4 3 11
1 1 2 3 5 3 7 5 3 1 9 10 8 14 3 1 2 15 5
1 1 1 2 3 2 6 4 6 9 4 11 5 14 14 8 13 8 3
1 2 2 1 5 5 7 2 7 8 10 7 4 13 12 4 11 10 4
1 2 1 2 2 6 5 1 4 3 4 3 11 3 7 9 9 12 8
1 2 3 3 3 2 5 6 1 8 5 4 5 10 14 10 15 16 18
1 2 1 1 1 4 1 7 5 8 11 1 13 7 9 2 9 5 19
1 1 3 1 5 4 2 6 3 5 6 10 8 2 14 6 17 16 19
1 2 2 4 3 1 1 4 1 8 9 5 1 6 10 8 13 14 7
1 2 3 4 3 1 7 3 3 9 10 1 5 8 9 12 2 12 4
1 2 2 3 4 1 2 2 3 1 4 6 8 10 13 15 7 16 14
1 1 3 1 4 2 1 4 8 3 2 2 1 6 8 12 1 13 15
1 1 1 1 1 5 7 4 7 9 1 9 8 12 13 8 16 5 12
1 2 2 2 3 5 1 7 5 2 4 7 5 13 8 6 15 15 17
1 1 3 3 2 1 3 2 7 5 5 2 4 8 10 13 7 7 10
1 2 1 1 4 2 2 6 8 3 10 10 1 12 15 13 16 10 16
1 1 1 3 1 2 4 2 2 7 3 11 13 10 8 11 9 5 6
1 2 1 2 1 6 7 1 7 8 5 8 7 6 9 6 6 2 7
1 1 3 4 5 5 6 5 2 8 2 8 12 3 3 12 14 9 19
1 1 3 2 4 5 5 7 4 7 8 11 11 3 12 4 15 7 18
1 2 1 4 4 5 4 3 6 5 3 2 11 10 7 2 17 18 9
1 1 2 1 2 3 5 3 6 1 3 3 8 1 15 5 10 18 12
1 1 1 3 1 1 1 5 9 4 6 9 12 10 5 10 5 9 8
1 2 1 4 3 2 4 6 2 1 2 5 9 8 9 13 14 7 13
1 1 2 1 4 3 2 2 2 9 4 12 1 10 6 10 15 13 17
1 1 1 1 5 6 4 7 1 5 7 5 3 10 7 8 9 10 1
1 1 3 3 5 3 3 1 7 3 1 1 3 9 1 11 14 18 7
1 1 2 1 5 5 6 4 6 9 5 10 5 11 5 4 12 12 12
1 2 2 4 5 2 1 8 7 9 7 7 9 13 1 7 9 1 19
1 2 3 3 1 1 6 3 5 3 5 8 1 2 13 4 3 7 16
1 1 1 1 3 2 2 6 4 7 7 2 4 4 15 15 11 6 16
1 2 2 1 3 4 5 2 5 4 8 3 1 13 4 11 13 17 16
1 2 3 3 4 4 7 2 3 8 2 1 11 12 3 12 3 12 13
1 1 2 3 5 5 6 4 3 2 10 8 3 14 8 7 14 7 12
1 1 1 3 2 5 1 7 5 8 10 6 12 9 14 10 6 17 16
1 2 1 1 5 5 7 7 9 4 6 9 3 6 1 10 2 1 15
1 2 2 3 4 3 3 2 2 1 3 11 2 5 3 3 5 4 3
1 1 2 2 4 4 7 8 8 9 7 1 9 5 15 11 5 16 13
1 1 3 4 5 3 1 5 9 10 10 6 7 8 4 5 11 14 5
1 2 3 3 1 1 6 2 4 3 11 4 9 12 12 5 11 8 1
1 2 3 1 1 6 1 4 9 3 11 3 9 14 13 8 17 17 2
1 1 2 2 5 6 6 3 3 2 10 1 7 2 11 6 16 12 16
1 2 3 4 2 5 5 4 1 8 6 4 13 13 11 15 16 12 3
1 1 1 1 1 1 2 1 3 1 9 3 7 4 8 8 10 9 3
1 2 1 4 3 3 5 7 6 3 2 11 1 12 14 6 4 7 2
1 1 3 4 5 3 2 1 1 7 1 4 13 2 15 16 10 1 1
1 2 3 4 5 5 5 2 2 10 1 8 5 8 12 9 14 16 18
1 2 3 2 3 6 3 8 2 1 9 12 6 14 9 16 2 1 1
1 2 2 1 4 5 2 1 6 1 1 10 12 11 5 16 7 16 4
1 1 3 3 3 6 3 2 2 9 3 10 12 8 9 1 11 10 17
1 2 1 4 5 4 3 6 7 10 9 2 8 14 9 16 14 10 3
1 2 1 2 5 3 3 1 5 4 4 12 5 3 3 7 15 5 7
1 1 2 3 3 4 4 6 9 1 8 12 10 8 12 5 13 3 1
1 1 3 4 5 4 5 4 1 7 8 5 5 7 2 4 13 8 3
1 2 1 4 4 4 6 2 1 2 9 11 3 14 2 1 17 3 13
1 2 1 1 4 1 4 8 5 2 7 5 13 1 11 11 6 10 8
1 1 2 3 3 3 4 3 2 2 2 2 7 1 6 14 11 11 9
1 1 2 4 2 3 1 6 4 4 3 5 10 12 8 11 17 10 6
1 2 2 1 4 1 5 4 6 6 2 8 8 1 4 12 9 15 12
1 2 2 1 2 5 5 8 8 2 3 9 11 3 2 1 5 3 14
1 2 2 1 1 1 2 2 6 2 8 11 4 4 9 7 4 9 15
1 2 2 2 1 1 1 3 8 2 8 11 4 1 6 10 2 16 17
1 2 1 2 4 5 5 6 7 3 11 5 8 14 5 4 6 12 12
1 1 2 2 5 2 5 5 3 7 8 9 12 8 9 14 8 11 4
1 2 3 2 1 4 6 5 1 9 4 10 6 7 7 16 8 2 11
1 2 1 1 1 2 2 3 1 10 8 10 9 10 5 2 15 16 9
1 2 3 4 3 1 6 4 2 2 5 10 4 8 12 4 17 2 6
1 1 3 4 4 6 6 4 7 3 5 2 4 9 15 3 6 13 2
1 2 3 2 1 6 4 5 8 8 8 7 6 13 12 5 7 14 16
1 1 2 2 3 5 5 1 7 5 3 12 1 10 3 7 8 12 14
1 1 3 3 5 4 7 7 1 6 1 11 2 6 10 8 9 12 10
1 2 3 1 3 1 4 8 1 5 8 12 6 13 5 10 6 7 18
1 2 2 3 1 4 4 4 5 9 3 4 5 9 6 9 13 14 5
1 2 1 1 2 2 6 3 2 3 5 5 6 7 6 4 11 6 7
1 1 2 4 4 3 1 2 1 9 5 10 3 1 11 3 1 11 14
1 1 1 3 3 5 6 6 5 10 10 10 3 1 11 16 4 8 14
1 1 2 4 1 6 1 5 7 9 10 8 11 12 2 9 11 17 1
1 2 1 4 3 5 7 8 4 10 7 8 9 2 11 15 8 14 10
1 1 2 3 1 3 1 6 3 2 10 1 6 10 5 7 15 4 6
1 1 3 4 5 5 2 1 1 9 1 6 4 3 14 14 2 17 3
1 1 3 2 2 6 1 2 8 3 9 6 13 13 10 12 14 9 2
1 1 3 3 1 6 1 5 9 4 3 10 1 9 7 10 2 14 8
1 1 1 1 4 4 7 1 2 6 1 11 11 2 14 1 6 1 5
1 2 1 1 2 5 7 8 7 5 10 1 3 13 6 2 8 12 12
1 1 1 2 4 5 5 3 2 7 9 12 1 8 6 3 10 11 7
1 2 3 3 5 6 6 8 3 1 9 6 2 4 7 16 3 17 19
1 1 3 2 3 2 5 8 1 10 5 12 2 7 3 9 8 11 4
1 2 3 3 3 1 1 7 7 1 8 2 9 3 4 14 6 13 19
1 2 2 3 1 3 1 7 2 9 7 5 13 11 8 3 7 15 15
1 1 1 4 5 6 4 6 4 8 10 7 3 11 5 12 14 2 19
1 2 2 1 1 1 1 1 1 5 7 2 3 2 8 15 1 4 17
1 1 3 1 4 3 1 5 8 7 9 7 3 12 10 2 3 13 1
1 2 2 1 2 1 2 6 2 2 2 2 2 12 15 16 14 10 3
1 2 3 3 2 5 3 2 6 10 1 3 9 7 14 4 13 17 11
1 2 3 4 2 6 3 6 9 3 9 12 13 3 8 2 6 17 19
1 1 1 4 4 3 4 2 5 8 4 5 2 13 3 2 12 4 8
1 1 1 1 1 5 1 4 1 10 10 1 2 7 4 11 5 1 4
1 1 1 1 4 4 6 7 4 8 8 4 10 5 7 4 12 10 15
1 2 3 3 3 4 4 1 1 8 8 9 1 2 12 6 11 6 8
1 2 2 4 3 5 7 7 4 5 9 8 10 8 10 10 15 8 1
1 1 2 2 5 2 7 7 1 7 6 4 7 3 2 15 5 2 17
1 1 2 3 2 4 5 6 4 10 6 4 2 6 2 9 10 3 8
1 2 1 1 1 6 5 2 5 3 4 8 9 10 12 13 1 17 5
1 1 1 4 2 6 6 3 2 9 6 8 10 4 15 14 4 6 19
1 2 2 1 5 1 3 6 3 2 3 7 11 7 4 10 2 2 6
1 2 2 1 2 4 2 5 3 8 10 9 2 4 11 3 14 3 6
1 2 2 3 4 1 6 4 9 6 5 5 7 3 15 12 10 4 19
1 1 1 1 4 5 3 8 9 7 7 6 5 7 13 6 4 7 14
1 1 1 3 4 5 3 2 4 4 3 12 4 11 3 5 3 5 16
1 2 2 3 3 1 1 2 7 7 2 5 13 5 1 9 14 16 16
1 1 1 2 2 5 5 1 4 10 8 4 2 7 2 3 6 15 19
1 2 1 3 4 1 6 7 7 1 5 9 13 2 1 3 3 10 14
1 1 2 4 1 3 3 7 6 6 11 4 9 3 1 2 8 6 2
1 2 3 3 4 2 5 7 9 5 1 6 1 14 3 11 17 15 17
1 2 2 3 1 6 1 5 4 1 8 7 6 13 9 7 1 8 6
1 2 3 4 2 2 7 6 9 1 1 5 12 8 5 4 14 12 9
1 1 2 3 3 4 6 3 2 6 2 8 9 12 8 15 12 12 17
1 2 2 4 2 1 7 8 1 6 2 3 2 4 13 6 1 17 1
1 1 3 1 4 1 7 1 2 4 7 2 6 10 4 1 4 12 9
1 2 3 1 2 2 2 1 4 7 11 7 10 10 15 15 16 13 13
1 1 2 4 1 6 5 6 7 4 8 9 8 12 8 15 10 9 8
1 1 3 4 2 5 7 4 7 2 10 11 6 11 5 6 5 7 19
1 2 3 4 2 2 1 8 2 9 5 10 3 13 5 12 16 3 17
1 1 2 1 3 1 2 3 2 6 9 10 1 5 4 8 17 2 11
1 1 2 2 4 5 4 5 9 5 7 2 12 7 5 10 3 12 9
1 2 2 3 4 5 4 8 5 4 9 1 4 4 11 5 17 17 14
1 2 3 3 2 1 7 1 4 8 1 1 2 14 6 10 11 3 1
1 2 2 4 4 1 7 5 7 3 10 3 13 9 14 9 4 5 2
1 2 3 2 3 2 1 3 7 8 4 7 5 11 13 16 7 17 16
1 1 3 3 3 3 7 5 2 10 3 9 3 9 5 13 15 7 15
1 1 1 4 1 2 3 1 7 4 3 2 11 6 13 11 14 2 9
1 1 1 3 3 2 7 2 8 7 10 10 11 12 5 13 2 15 8
1 2 2 4 5 3 6 4 9 5 1 9 5 13 15 11 4 14 17
1 2 2 4 4 4 2 5 7 1 2 7 11 3 3 14 4 16 10
1 1 1 1 5 6 5 3 6 10 2 10 6 14 8 16 11 10 6
1 2 3 1 5 2 4 1 3 3 10 12 4 6 11 11 4 18 9
1 1 3 1 3 6 7 2 1 5 8 11 4 6 10 12 3 4 16
1 1 2 1 4 3 4 5 3 9 4 7 7 12 6 4 13 4 17
1 2 1 3 2 3 6 6 2 8 4 2 2 13 2 13 13 3 5
1 1 3 2 2 1 4 2 2 6 10 3 2 14 8 10 9 10 5
1 1 3 4 3 6 4 1 5 7 9 3 10 13 3 6 2 7 18
1 1 3 2 2 4 5 5 6 10 2 9 11 1 15 1 2 16 10
1 2 3 3 4 5 1 5 9 3 7 5 3 14 11 10 9 15 11
1 1 3 2 5 5 3 4 7 2 7 3 7 7 9 13 8 10 2
1 1 3 2 3 1 7 1 8 9 5 10 13 11 6 6 17 4 19
1 1 1 4 4 5 2 8 6 10 1 5 3 6 1 14 12 12 17
1 2 1 2 2 4 1 7 3 6 11 9 7 4 12 8 13 11 6
1 2 2 4 4 1 4 1 4 6 5 4 5 7 2 15 16 16 12
1 2 1 1 2 4 1 6 6 1 10 1 2 13 2 13 12 6 2
1 1 2 2 5 4 7 6 6 10 1 4 1 9 2 3 8 1 7
1 1 1 4 4 6 4 6 9 9 9 9 7 7 11 13 4 17 17
1 2 3 1 2 1 4 8 7 7 5 8 3 8 15 6 14 11 8
1 2 1 4 4 2 6 8 9 2 4 12 10 7 5 10 11 5 15
1 1 1 3 5 5 4 4 6 8 4 3 9 9 6 7 5 11 3
1 2 3 1 4 3 7 1 1 2 7 6 2 11 2 11 9 17 9
1 2 3 2 2 2 4 7 6 7 1 5 3 9 3 7 1 17 18
1 1 3 1 2 6 1 7 2 3 6 1 10 6 2 11 13 13 17
1 1 1 2 1 6 3 8 4 2 9 10 5 8 8 1 4 10 17
1 1 2 3 2 2 2 1 2 10 9 2 8 3 12 5 4 1 11
1 1 2 4 3 4 2 7 4 3 10 6 2 11 6 5 3 2 17
1 2 2 4 4 5 7 8 5 4 5 11 13 13 8 6 10 3 2
1 1 2 2 3 6 7 2 4 9 11 5 5 11 8 16 2 7 4
1 2 1 2 3 6 6 1 1 9 1 1 6 13 2 8 15 12 17
1 1 1 1 1 5 1 6 6 2 5 11 12 2 12 6 3 6 16
1 2 2 4 5 5 7 5 4 10 1 4 1 1 12 10 1 9 18
1 2 2 4 4 6 5 1 2 3 2 2 9 13 2 1 3 4 5
1 2 3 1 1 3 5 4 1 10 6 6 13 13 5 10 5 5 13
1 2 1 2 4 1 7 4 6 4 3 6 8 6 8 15 6 10 19
1 1 3 3 5 5 5 2 5 1 6 9 7 5 9 15 14 18 15
1 2 3 1 1 3 6 6 3 9 6 12 12 13 10 6 5 1 19
1 1 1 4 5 3 7 7 4 1 7 12 4 12 13 16 12 10 12
1 2 2 1 4 2 2 2 3 7 5 3 1 13 4 13 16 5 2
1 1 1 3 2 4 5 4 7 5 7 5 4 10 10 8 4 8 14
1 2 2 3 3 1 7 2 7 2 6 10 13 10 9 14 3 16 10
1 1 3 2 5 4 6 1 2 9 9 9 8 7 11 14 3 17 8
1 2 1 2 5 1 6 1 5 7 10 10 8 11 2 4 13 14 12
1 1 1 3 1 5 2 3 9 3 8 4 9 1 12 8 6 9 13
1 2 1 3 1 5 6 7 3 9 4 8 13 14 11 2 16 3 9
1 2 2 2 4 3 3 7 8 1 1 12 11 2 4 5 2 16 3
1 2 2 3 2 5 1 6 8 1 4 6 7 4 10 9 7 12 1
1 1 2 1 2 6 4 4 6 6 8 11 10 1 14 4 11 7 13
1 1 1 1 5 3 7 3 2 1 9 1 1 6 2 12 17 18 17
1 2 3 2 2 4 5 4 7 5 3 6 6 12 7 5 6 17 14
1 2 1 2 1 6 2 3 9 1 1 8 13 10 2 7 4 1 11
1 2 1 2 5 1 7 6 9 5 5 1 7 7 14 16 3 5 11
1 1 2 2 3 6 6 1 6 3 5 7 13 9 13 14 4 10 15
1 1 3 4 4 4 3 4 9 9 1 3 8 13 7 4 10 15 17
1 1 2 1 1 5 4 1 5 4 8 2 12 4 5 4 5 12 6
1 2 2 4 3 6 2 1 6 6 7 4 3 3 9 14 1 4 2
1 2 1 2 1 4 7 1 8 7 10 11 9 6 5 5 7 1 1
1 2 2 2 3 6 7 6 8 7 11 10 8 3 5 5 1 13 15
1 2 2 1 3 1 5 8 8 6 7 5 5 11 7 12 7 10 6
1 2 1 2 2 4 4 8 9 3 5 10 5 4 14 1 15 4 16
1 2 2 4 4 3 4 4 7 8 1 1 12 7 3 2 11 18 12
1 2 2 3 4 5 1 2 4 8 7 10 12 4 14 1 10 2 12
1 2 3 2 2 5 7 6 2 10 9 6 6 7 15 16 7 7 9
1 1 2 2 3 5 7 6 2 10 1 12 11 2 10 7 12 14 10
1 1 3 2 5 2 4 3 4 4 10 1 6 8 12 4 2 9 11
1 1 1 3 4 5 2 7 2 9 4 1 13 13 9 3 11 10 16
1 2 2 4 3 3 5 7 3 1 1 8 13 1 2 8 8 18 16
1 2 2 4 4 4 5 5 6 8 1 8 5 5 5 12 13 6 3
1 2 3 4 4 6 7 3 9 2 8 9 3 6 14 11 10 12 14
1 1 1 4 5 4 1 8 9 3 6 10 7 5 9 13 12 10 10
1 2 3 2 3 2 5 3 7 2 4 2 5 5 14 2 14 1 9
1 2 2 4 5 4 3 3 5 5 3 12 7 6 13 2 14 3 5
1 1 2 4 3 3 1 4 5 10 8 5 12 13 7 2 15 12 16
1 2 1 4 1 4 6 1 5 7 2 6 1 7 4 8 5 1 13
1 2 3 3 3 5 7 1 4 4 8 2 5 11 13 7 17 8 6
1 2 3 1 4 3 7 5 7 1 6 2 12 10 9 15 12 8 6
1 2 3 3 4 2 7 1 7 2 8 4 3 1 1 5 7 6 9
1 1 3 1 3 3 5 5 5 6 11 1 11 8 7 11 17 1 8
1 2 3 2 1 6 7 8 7 9 8 6 10 11 11 3 8 4 14
1 1 1 2 1 6 3 5 4 2 2 9 1 10 11 9 3 6 12
1 1 2 2 2 5 2 8 1 10 8 10 4 2 12 13 2 5 1
1 2 1 2 1 4 3 2 1 8 7 10 2 2 13 13 10 14 3
1 1 2 3 1 1 7 4 4 5 5 7 11 14 12 11 9 16 14
1 1 3 2 2 5 5 7 5 7 8 1 6 13 3 12 5 4 19
1 1 3 1 4 2 6 6 8 2 3 2 7 7 1 8 1 8 1
1 1 1 2 5 2 2 4 6 4 7 5 8 3 2 1 7 1 8
1 2 3 3 2 6 6 7 7 8 10 12 13 2 9 6 10 10 3
1 1 3 2 4 4 7 5 7 1 8 5 7 12 1 2 1 18 4
1 2 2 2 1 3 4 6 4 10 3 2 11 5 8 12 1 12 17
1 1 3 3 2 4 4 5 3 7 10 9 9 5 7 2 14 7 13
1 2 3 2 4 6 6 4 2 5 3 1 9 12 4 5 7 16 18
1 2 1 1 4 5 4 7 8 2 4 10 3 9 13 15 12 16 1
1 1 1 1 3 3 2 5 4 4 8 1 8 7 11 5 4 3 6
1 2 2 4 2 3 2 2 5 4 8 8 12 11 9 13 15 3 19
1 2 1 1 2 1 5 3 7 9 5 11 12 5 9 5 13 9 12
1 1 2 1 5 4 7 4 3 1 7 6 10 13 1 9 13 8 3
1 1 1 3 5 1 2 1 9 8 3 9 13 8 12 6 6 18 14
1 1 2 3 3 2 6 3 6 4 11 8 8 2 2 2 11 8 3
1 2 2 2 1 6 1 5 8 1 11 1 5 10 2 3 11 12 17
1 1 1 2 4 1 4 2 5 1 3 2 11 7 14 2 6 4 18
1 2 1 4 2 5 7 1 6 4 7 11 5 2 4 15 16 13 1
1 1 3 2 1 2 3 6 4 10 6 5 7 5 10 12 4 13 16
1 1 2 1 2 5 3 6 8 1 9 7 11 10 10 16 17 6 14
1 2 3 3 4 5 5 2 1 3 2 6 5 10 1 2 17 18 18
1 1 1 3 2 5 6 3 2 8 11 5 4 2 2 4 15 10 10
1 1 3 2 3 2 3 8 5 4 1 12 2 8 1 7 17 7 12
1 2 1 4 4 6 2 7 8 10 11 6 12 10 3 5 5 18 1
1 2 1 1 3 2 2 7 3 8 3 12 7 1 5 2 3 2 9
1 1 1 2 3 2 4 1 1 9 1 9 4 1 9 12 10 10 7
1 2 3 4 4 6 4 2 7 8 8 10 11 11 9 14 5 10 5
1 1 1 3 2 2 4 7 1 8 2 9 8 6 14 3 3 11 19
1 2 2 3 2 4 6 6 6 1 6 10 3 3 13 6 5 15 6
1 1 1 3 3 3 7 1 3 8 11 3 12 1 11 9 12 10 15
1 1 2 3 3 1 7 4 7 7 4 3 13 8 9 9 2 17 14
1 1 3 1 1 3 1 3 4 9 1 2 2 4 7 2 9 14 3
1 1 3 2 4 4 4 4 4 4 8 5 2 10 7 16 3 10 7
1 2 1 2 4 4 5 1 4 9 7 6 10 9 12 5 6 16 8
1 1 3 3 5 2 7 3 2 7 7 6 4 6 11 5 12 8 13
1 2 1 4 3 1 7 1 5 3 2 5 12 14 13 6 9 18 15
1 1 1 3 3 6 4 4 5 9 7 1 13 6 11 15 10 8 15
1 2 2 2 3 6 6 7 5 8 10 2 13 10 13 13 10 14 13
1 2 3 3 4 3 6 4 4 6 9 10 10 9 12 10 12 9 18
1 1 1 2 5 5 3 5 9 7 9 10 9 1 11 7 6 6 12
1 2 2 3 4 2 2 6 3 4 7 8 1 10 1 12 6 17 16
1 2 3 4 5 1 7 7 1 2 1 9 13 7 15 3 1 10 6
1 2 1 3 2 6 2 6 4 2 8 2 4 14 10 4 7 17 16
1 2 3 3 2 6 7 4 4 9 5 6 8 9 7 2 2 13 14
1 2 2 4 1 6 5 8 9 5 4 7 9 8 14 12 3 15 1
1 1 1 2 4 3 6 8 1 3 11 10 10 6 4 8 10 2 6
1 2 1 3 5 3 7 1 8 7 11 10 13 13 7 7 3 13 9
1 1 1 2 3 1 6 1 1 10 11 4 7 12 15 2 17 2 17
1 1 1 1 2 2 4 1 5 7 11 9 5 10 6 4 7 13 19
1 2 2 3 1 3 3 2 4 5 2 3 9 10 5 8 15 3 2
1 2 3 3 2 5 3 3 2 5 8 8 3 2 15 11 16 7 6
1 1 3 1 5 4 1 6 6 4 1 4 4 12 1 5 15 18 11
1 1 2 1 4 6 4 4 4 4 3 11 10 6 12 8 13 14 19
1 1 1 4 5 6 3 7 8 5 6 11 6 4 11 8 10 17 18
1 2 1 1 3 3 1 5 8 3 4 9 11 9 10 14 12 5 5
1 2 3 3 2 5 7 2 2 6 4 1 2 5 12 4 7 4 7
1 1 2 2 3 2 6 5 4 10 2 12 12 2 9 14 15 1 15
1 2 3 4 2 2 7 2 7 2 11 1 13 6 10 7 8 15 2
1 1 3 3 3 5 3 2 4 9 8 6 10 5 6 16 13 13 14
1 2 3 4 4 6 5 1 2 3 6 5 5 9 14 5 11 15 9
1 1 3 1 4 1 6 7 9 6 9 5 9 8 1 3 9 17 19
1 2 3 1 5 5 5 4 8 9 3 12 5 14 4 2 1 10 5
1 2 2 1 4 5 5 4 5 4 1 8 13 10 15 6 1 9 14
1 1 3 3 3 2 1 5 8 9 2 12 10 5 14 16 10 11 19
1 2 3 2 2 3 6 3 8 2 1 7 6 10 12 7 15 13 19
1 1 2 4 3 1 2 8 9 8 1 8 10 5 1 7 4 7 5
1 2 1 3 3 4 3 8 8 3 7 1 2 3 10 6 16 1 17
1 2 2 3 4 5 3 4 5 3 8 1 2 10 14 5 12 11 1
1 1 3 4 5 2 1 6 7 7 8 10 4 8 12 3 17 16 19
1 1 2 1 5 6 2 8 8 3 5 6 9 9 5 6 10 9 15
1 2 1 2 2 2 1 1 5 2 6 10 8 1 11 16 3 15 9
1 1 3 3 5 3 5 1 5 4 5 12 12 4 13 5 14 13 4
1 1 2 4 4 5 3 5 1 8 4 11 12 1 5 6 3 18 17
1 2 3 2 3 2 4 2 5 2 8 2 5 5 11 6 14 12 10
1 2 3 4 1 6 2 4 5 1 2 10 2 7 6 4 16 15 11
1 2 2 3 3 4 2 8 5 5 6 3 10 2 10 1 8 4 15
1 2 3 4 5 4 3 4 1 8 1 5 6 5 3 3 12 7 7
1 1 2 3 1 3 7 1 5 5 4 11 4 5 10 14 6 11 8
1 1 3 1 2 3 2 4 8 10 8 3 8 11 3 11 8 3 3
1 1 3 4 1 1 4 8 9 1 3 8 7 1 10 15 1 9 1
1 1 1 3 2 6 6 1 4 9 6 12 5 1 3 13 5 8 16
1 1 1 1 5 2 1 4 4 6 1 10 11 2 2 8 4 1 10
1 1 1 2 2 1 2 3 3 1 1 12 9 1 5 11 17 2 10
1 2 1 4 5 3 5 1 3 5 8 10 10 8 15 13 6 5 17
1 2 1 2 4 2 4 1 6 1 10 2 1 4 6 13 11 12 16
1 2 3 1 3 1 6 7 7 1 9 10 9 14 2 7 14 9 8
1 1 2 1 4 2 6 6 9 5 2 6 7 6 6 13 2 7 5
1 2 2 3 1 1 6 6 6 3 7 12 7 11 9 2 9 18 13
1 2 2 3 4 2 6 6 9 1 9 4 10 7 9 1 2 10 14
1 1 2 2 3 4 5 7 5 7 6 11 10 12 1 9 17 13 4
1 1 3 4 2 1 7 2 2 8 6 1 3 5 9 12 4 8 2
1 1 1 3 3 4 2 1 8 10 6 6 7 1 15 8 9 1 2
1 1 3 1 3 1 5 5 9 2 1 4 13 2 11 14 4 5 7
1 2 2 4 4 6 5 8 4 1 1 2 13 10 14 2 16 11 15
1 1 3 1 1 1 6 3 6 4 6 11 10 4 8 12 14 13 3
1 1 1 3 3 2 5 8 6 7 7 1 9 12 7 7 13 4 19
1 2 1 2 3 4 4 8 6 3 2 10 12 9 2 10 8 8 3
1 1 2 4 3 6 4 8 1 5 9 5 11 7 6 3 6 4 18
1 1 2 4 1 2 6 8 3 7 3 6 12 10 1 15 8 8 3
1 1 2 2 2 6 5 7 2 9 11 5 1 11 13 15 14 15 12
1 2 1 2 1 1 5 3 5 9 8 4 10 13 14 15 12 1 11
1 1 1 4 4 5 6 5 8 1 5 6 1 8 9 4 15 6 15
1 1 1 3 3 1 5 3 6 9 4 2 8 3 8 5 13 11 3
1 2 1 1 1 6 4 7 7 9 1 1 12 11 10 1 12 17 8
1 2 1 3 2 5 7 5 1 7 10 8 6 9 13 12 15 8 19
1 1 1 2 1 1 2 1 3 8 8 8 7 9 7 12 11 17 3
1 1 1 4 2 4 2 5 7 2 7 3 5 12 8 15 5 10 7
1 2 1 1 1 4 7 5 6 3 6 1 7 2 6 5 5 18 8
1 1 1 3 2 5 3 5 3 1 10 2 11 1 10 16 11 3 12
1 2 1 4 4 6 6 5 3 10 7 4 13 6 13 4 4 16 11
1 2 3 1 4 6 7 3 7 1 1 3 13 1 9 8 4 11 15
1 2 1 2 5 5 3 1 7 3 2 2 1 4 4 8 7 16 17
1 2 1 4 4 2 7 5 2 9 4 10 8 11 11 3 12 17 18
1 2 1 3 2 5 1 3 6 2 1 2 11 2 14 5 9 11 8
1 1 1 1 1 1 3 8 6 4 10 1 11 10 15 8 10 1 4
1 1 2 2 1 5 5 4 6 10 4 5 8 11 12 5 6 11 3
1 2 2 3 5 6 5 7 5 6 6 4 1 12 10 13 11 13 11
1 2 3 1 4 6 6 4 7 4 8 5 8 9 13 16 4 17 5
1 2 1 1 5 5 1 5 2 7 8 8 12 7 7 7 15 9 9
1 2 3 3 4 5 1 4 6 7 4 9 4 10 15 16 1 15 8
1 2 3 2 4 6 5 8 5 5 1 6 3 12 15 15 1 3 12
1 2 1 1 5 2 3 4 8 1 8 12 3 14 7 6 2 8 11
1 1 2 3 3 4 7 4 7 2 4 10 11 14 3 16 9 4 8
1 1 3 3 4 1 7 1 1 10 11 10 1 12 3 6 16 14 6
1 2 3 4 1 5 1 5 8 7 9 12 4 7 11 5 8 9 9
1 1 1 4 5 3 4 6 2 4 6 11 13 11 10 9 1 8 17
1 1 2 4 3 6 3 4 6 5 1 7 3 9 13 13 12 3 5
1 2 1 4 4 2 5 5 5 9 4 12 4 2 8 10 12 7 2
1 1 3 3 5 6 3 6 7 5 6 5 10 10 7 13 5 18 19
1 2 3 1 1 5 3 6 2 5 6 11 4 11 7 4 17 16 15
1 2 2 4 4 4 5 8 5 6 11 4 8 8 2 8 11 13 6
1 2 2 3 2 6 2 4 4 9 4 8 12 8 15 8 13 12 16
1 2 2 2 5 3 5 6 4 2 8 3 12 2 15 7 16 1 17
1 1 3 2 5 6 3 6 4 9 5 3 2 9 6 1 13 18 18
1 2 2 4 4 5 4 1 5 9 10 5 13 12 10 3 14 10 9
1 2 2 4 5 4 5 4 9 5 5 4 1 12 6 9 9 9 7
1 2 3 2 1 3 5 7 7 5 10 10 11 12 2 5 8 6 19
1 1 1 4 4 3 5 4 1 6 6 10 9 2 12 10 11 7 11
1 1 2 4 5 1 4 4 6 2 8 5 10 1 15 4 8 3 11
1 2 3 4 3 6 2 4 4 4 5 4 1 6 6 3 5 10 8
1 1 2 3 5 6 7 4 5 8 10 2 8 3 9 3 6 7 4
1 1 1 1 5 1 2 6 6 6 1 6 2 2 13 14 7 7 1
1 2 1 2 1 1 4 4 7 5 6 9 11 10 1 11 12 12 8
1 1 2 4 1 1 3 8 2 2 8 1 4 10 13 14 3 4 13
1 2 3 2 1 6 3 7 9 7 7 9 7 6 11 5 6 9 2
1 2 2 1 2 1 5 5 2 9 9 9 10 11 2 9 8 3 16
1 2 1 3 1 4 7 7 7 2 4 11 13 7 1 12 14 18 18
1 2 3 4 1 3 7 2 7 8 1 8 5 9 1 11 10 10 3
1 2 1 2 5 4 7 3 6 5 2 5 5 5 14 11 8 9 8
1 1 3 4 4 3 6 8 4 10 10 8 8 7 13 2 6 12 14
1 2 2 3 2 2 4 4 3 2 4 1 7 5 3 9 10 1 13
1 1 1 1 1 1 4 3 9 9 6 10 12 11 12 3 16 11 3
1 2 2 1 4 6 4 4 5 5 7 9 9 7 9 7 4 2 12
1 1 2 1 5 5 4 5 6 6 8 5 4 4 2 4 6 16 13
1 1 3 1 3 1 5 3 8 8 8 7 1 13 6 13 15 1 18
1 1 3 1 4 2 5 7 8 2 9 6 10 8 12 12 8 12 13
1 1 3 1 4 2 7 3 4 6 5 5 6 13 12 13 6 11 12
1 1 1 4 3 3 1 6 2 9 10 2 8 14 7 6 3 4 6
1 1 2 4 1 4 1 3 2 3 9 6 2 9 11 14 10 13 3
1 2 3 1 3 1 6 7 6 2 6 8 10 4 13 7 6 12 12
1 1 2 4 1 3 6 5 5 4 10 3 6 8 15 7 4 1 15
1 2 1 1 5 1 7 3 1 1 5 2 3 12 5 9 13 5 4
1 1 2 4 1 3 2 1 1 8 8 9 5 11 12 9 12 16 3
1 1 1 4 5 3 6 3 7 8 11 4 6 4 10 2 1 8 9
1 1 2 4 3 4 6 2 7 9 6 6 2 10 2 1 14 12 1
1 2 2 4 4 6 1 7 7 7 5 7 4 10 9 12 16 5 7
1 2 1 2 5 3 1 2 3 6 5 6 12 7 2 4 12 1 12
1 1 1 4 5 6 4 7 7 10 3 3 9 10 4 6 8 12 17
1 1 3 4 1 6 7 2 3 5 1 1 12 4 14 4 2 8 7
1 1 2 3 1 6 1 2 6 7 8 10 11 7 7 13 10 6 2
1 2 2 2 1 5 4 1 1 5 10 3 13 1 15 6 8 1 7
1 1 2 2 1 2 3 1 8 2 9 5 8 4 8 11 4 6 12
1 2 3 1 4 6 2 4 7 1 8 4 5 2 6 7 15 5 15
1 2 3 2 4 5 2 5 5 1 11 4 4 9 13 9 17 14 17
1 1 2 2 2 1 2 3 8 9 10 8 7 7 15 1 6 17 10
1 1 3 4 5 5 5 4 3 9 3 6 1 13 2 14 6 13 4
1 2 1 4 1 4 6 5 5 8 9 2 5 6 3 8 3 5 12
1 2 3 2 3 6 1 3 5 8 7 4 3 1 1 11 7 18 19
1 2 1 2 1 4 4 8 9 7 2 1 8 12 1 14 15 5 11
1 1 2 2 2 3 3 1 3 2 9 11 5 4 13 12 10 12 13
1 2 3 3 4 6 4 8 3 1 8 10 2 11 11 6 17 1 18
1 2 1 3 4 1 2 8 3 2 8 2 2 12 11 11 13 7 9
1 2 2 4 1 6 5 1 5 1 4 9 9 4 6 5 15 1 16
1 2 2 1 3 5 3 7 1 2 2 1 7 6 9 2 5 16 15
1 1 3 2 1 3 1 5 8 4 7 10 10 8 2 9 2 16 8
1 2 1 2 2 1 7 7 7 9 10 10 4 4 1 6 12 3 13
1 2 1 2 2 6 3 2 5 5 4 5 2 5 6 5 2 9 15
1 1 2 4 3 3 5 5 4 9 2 8 5 3 2 2 16 15 11
1 1 3 3 2 1 3 2 7 6 11 12 13 10 15 8 5 1 4
1 1 1 4 3 1 1 7 9 5 6 12 3 13 1 5 15 7 17
1 2 3 4 3 6 3 3 4 4 3 1 10 11 12 4 10 5 1
1 2 3 3 3 1 3 4 1 7 11 5 11 1 10 8 13 14 13
1 1 2 4 3 4 4 6 5 1 10 8 12 9 2 16 3 6 13
1 1 2 4 2 3 3 3 9 9 8 12 8 14 3 6 15 10 12
1 1 1 1 4 2 3 6 1 4 2 2 9 5 14 5 10 13 5
1 1 1 3 4 4 4 7 9 10 7 4 9 5 6 6 11 18 10
1 2 2 3 2 2 5 2 1 6 11 4 2 9 13 14 6 12 8
1 2 1 1 2 1 3 6 7 9 3 5 10 6 1 15 5 2 9
1 2 3 1 3 4 3 1 3 8 1 11 7 11 8 10 3 2 13
1 1 3 3 4 5 5 1 9 4 4 9 6 8 3 8 7 8 5
1 1 2 1 4 1 5 5 6 9 10 1 6 14 5 15 12 11 9
1 1 3 4 5 3 1 6 3 6 11 8 7 8 1 13 1 10 19
1 2 2 1 4 4 7 2 5 7 9 9 13 10 8 16 12 15 16
1 2 3 2 4 6 3 6 2 6 4 6 10 14 13 1 17 6 12
1 2 3 3 2 2 3 8 4 3 7 10 1 5 2 15 14 8 11
1 1 1 4 1 4 3 2 5 1 7 9 11 4 12 14 2 18 12
1 1 1 2 1 1 1 3 9 6 9 6 2 11 7 13 7 3 1
1 2 2 1 4 6 4 3 1 9 5 1 5 4 7 2 14 5 3
1 1 1 4 5 4 5 4 5 2 3 7 4 7 8 3 14 5 13
1 2 2 4 2 4 1 6 7 5 3 2 13 14 7 15 16 10 19
1 2 1 1 3 4 7 7 2 6 5 7 3 1 4 8 6 8 2
1 2 2 4 2 6 2 8 3 2 2 11 10 7 2 3 11 9 11
1 1 2 4 5 4 6 2 3 8 5 8 6 11 7 16 4 12 9
1 1 1 1 1 5 2 8 9 10 8 6 2 9 8 15 16 4 11
1 2 1 3 4 5 4 3 6 3 7 12 2 1 6 9 6 16 12
1 1 3 3 1 5 2 2 7 2 9 8 2 4 5 11 14 15 19
1 2 2 4 2 5 7 8 4 2 11 7 2 1 14 16 14 16 12
1 1 1 4 1 2 5 6 6 8 1 4 13 7 6 2 17 16 3
1 1 3 2 5 6 7 3 8 1 9 10 1 9 14 8 15 16 10
1 2 3 1 3 1 5 8 1 3 5 9 4 13 3 11 12 11 15
1 1 3 1 5 3 5 4 2 7 7 2 12 2 8 5 2 2 17
1 1 1 2 2 6 3 8 8 9 9 11 12 8 13 6 4 13 14
1 2 2 1 5 6 7 5 5 3 11 1 9 8 10 8 16 18 13
1 1 3 4 5 2 3 4 3 1 6 7 1 1 12 9 2 8 14
1 2 3 4 1 5 1 2 2 6 7 8 6 5 12 1 12 15 5
1 2 2 1 5 4 7 8 6 5 9 8 5 13 4 9 15 1 18
1 2 2 4 4 3 2 5 2 7 6 5 5 8 15 5 11 13 5
1 2 3 1 5 4 3 5 3 3 5 7 13 3 13 13 11 16 11
1 1 3 3 3 3 6 5 9 2 2 8 3 12 11 11 1 5 6
1 2 2 3 2 1 6 5 1 1 9 11 6 9 10 11 8 14 6
1 2 3 2 2 6 2 5 2 1 9 11 5 9 2 9 13 8 1
1 2 3 1 3 2 5 4 6 9 11 5 1 10 3 10 3 5 2
1 1 3 4 4 2 7 6 5 7 10 9 8 11 15 4 11 10 17
1 1 1 3 1 4 1 3 2 9 8 5 11 5 5 14 8 6 8
1 1 1 2 3 5 3 1 3 1 11 2 8 5 8 3 7 16 2
1 2 2 1 2 2 2 8 6 3 1 1 2 8 6 13 10 5 8
1 2 3 4 5 1 2 3 7 9 4 5 9 7 2 11 10 7 1
1 2 3 2 4 2 1 6 8 6 7 1 1 8 9 10 13 17 6
1 2 1 1 4 1 5 1 7 6 5 2 3 4 14 6 16 3 19
1 1 1 4 3 1 4 4 3 5 6 10 13 2 6 7 10 13 11
1 2 3 2 2 3 1 4 4 4 5 12 8 14 10 12 6 8 15
1 2 1 4 4 3 6 8 4 3 5 8 5 12 5 2 12 18 12
1 2 1 4 5 3 1 2 5 7 4 10 9 11 2 15 17 15 15
1 2 2 2 5 2 3 8 4 4 11 4 12 7 1 2 8 8 10
1 1 2 1 3 3 1 2 1 10 4 10 13 8 12 14 4 16 3
1 1 3 4 5 5 2 7 9 7 8 3 6 10 6 16 6 9 14
1 2 1 1 5 5 2 5 6 6 10 12 1 11 14 14 13 17 3
1 2 2 4 3 4 2 1 4 7 10 6 9 1 11 10 16 5 18
1 2 3 4 3 5 5 1 5 2 11 12 6 8 15 6 3 18 11
1 2 3 2 3 2 6 5 8 3 11 11 9 7 6 2 10 15 13
1 2 3 3 4 6 5 3 1 2 1 10 4 14 5 2 9 15 13
1 1 3 1 4 5 7 6 9 9 10 6 11 8 9 14 16 14 11
1 2 3 3 1 4 7 6 5 4 10 6 12 6 15 6 13 12 7
1 1 1 4 3 6 4 5 5 10 4 4 11 10 2 16 11 10 3
1 2 2 2 2 3 6 8 5 7 11 3 13 14 11 2 12 1 16
1 2 1 4 3 1 4 8 4 6 5 8 1 10 7 16 15 13 3
1 1 2 3 4 5 6 3 3 3 7 3 8 3 12 9 12 15 11
1 2 1 1 5 5 4 5 6 10 3 10 6 9 3 2 8 9 12
1 1 2 1 4 4 3 5 1 4 10 5 2 14 11 5 15 3 6
1 1 2 3 3 3 6 8 1 1 1 9 5 11 11 8 16 4 17
1 1 2 2 2 4 4 6 1 5 9 10 8 9 10 6 1 18 16
1 2 3 1 5 1 6 5 5 8 2 6 1 8 15 3 7 15 4
1 2 3 1 1 6 1 6 5 9 5 7 5 6 12 5 6 17 15
1 2 1 2 2 1 5 2 9 7 5 10 12 11 15 3 9 2 8
1 1 2 1 4 6 5 7 9 9 2 12 6 2 15 16 12 18 3
1 2 2 4 4 6 7 6 7 4 2 10 7 5 11 2 6 12 1
1 1 3 3 1 1 2 2 9 6 3 8 11 2 7 4 11 5 12
1 2 3 2 5 6 3 7 2 6 2 5 2 14 9 3 6 13 19
1 1 3 2 2 4 6 8 8 1 11 1 4 9 5 6 3 12 6
1 1 1 4 2 4 5 4 9 9 3 10 5 8 14 10 6 12 1
1 2 1 2 2 1 5 5 9 3 2 4 10 9 15 9 17 2 16
1 1 1 2 4 2 4 1 7 3 10 5 8 3 7 1 16 4 10
1 1 2 2 2 6 7 1 9 10 2 8 2 3 10 4 15 2 3
1 1 2 1 1 2 3 7 4 10 9 3 7 6 15 15 3 2 8
1 1 3 2 4 3 3 3 7 1 4 12 8 13 1 14 8 11 14
1 2 1 1 2 1 3 4 3 3 3 8 12 10 8 4 9 18 4
1 2 3 1 4 4 2 7 2 1 2 2 13 9 2 14 7 18 15
1 1 3 4 4 4 7 1 5 10 9 3 4 5 6 8 6 7 6
1 1 3 1 3 2 4 7 1 8 4 3 3 13 1 6 10 13 11
1 1 3 3 5 5 5 8 4 8 5 2 1 9 3 16 1 16 17
1 1 1 3 2 1 7 1 2 9 2 2 10 4 3 8 8 17 13
1 2 3 2 5 2 5 8 7 5 1 2 12 1 1 14 6 5 4
1 1 3 4 2 5 1 7 2 7 11 5 8 8 4 7 8 11 7
1 2 3 2 4 3 3 5 7 5 6 6 13 4 2 12 4 6 8
1 1 1 4 3 4 6 8 5 5 6 6 13 13 9 16 11 10 12
1 1 3 4 5 4 4 7 3 5 9 12 12 14 9 13 3 15 11
1 1 2 3 5 5 7 1 2 6 8 2 2 12 1 6 5 2 4
1 1 3 2 3 1 4 8 7 7 6 12 13 2 10 2 1 11 14
1 2 3 4 1 1 2 3 7 2 2 9 7 8 3 10 15 3 19
1 2 2 1 4 6 3 5 5 6 11 11 7 5 7 1 17 17 7
1 1 1 3 2 5 7 5 6 1 11 9 4 2 1 2 8 10 9
1 2 3 1 5 5 1 6 6 5 3 12 1 8 10 6 17 1 2
1 2 2 2 3 4 7 1 8 9 10 7 7 13 14 13 1 13 6
1 1 3 2 1 4 1 5 2 9 10 5 3 13 1 10 5 13 11
1 2 2 3 3 4 5 8 4 10 4 3 13 7 6 6 12 3 6
1 2 1 4 1 4 3 4 2 8 1 11 8 2 6 7 10 5 14
1 2 2 2 2 2 1 6 1 4 9 7 6 13 15 7 9 14 8
1 2 3 2 4 6 5 6 8 8 3 8 11 11 6 13 7 3 17
1 1 1 1 4 3 1 2 6 4 10 11 13 3 14 2 6 16 8
1 2 2 1 2 6 4 7 7 1 6 8 3 11 13 1 13 12 4
1 1 1 3 5 6 6 1 4 9 3 11 4 4 14 12 14 15 7
1 1 1 2 1 5 7 8 6 7 2 5 3 11 14 6 1 8 17
1 2 2 1 5 3 1 2 1 2 1 4 3 14 4 8 8 7 19
1 1 1 4 1 6 2 2 2 1 5 5 10 2 12 13 12 2 14
1 1 2 1 1 5 5 7 2 10 10 12 8 14 8 4 1 18 9
1 1 2 2 4 1 1 1 9 1 9 12 7 6 13 2 13 14 1
1 1 1 4 2 3 1 1 9 8 3 4 3 9 14 6 7 6 13
1 1 3 2 1 6 2 4 7 2 1 1 3 4 5 9 10 2 7
1 2 1 1 3 6 5 7 4 2 8 10 13 2 14 6 17 12 8
1 2 3 2 3 1 4 6 9 8 3 4 8 8 8 16 8 9 9
1 1 3 1 3 6 3 3 9 2 8 2 9 11 3 7 14 7 6
1 2 2 3 2 2 1 4 3 9 6 3 4 4 9 4 14 2 8
1 1 3 2 3 4 7 4 6 9 3 12 12 2 8 2 10 11 2
1 1 1 1 5 2 2 7 2 7 2 10 7 8 11 6 2 5 11
1 2 3 4 3 1 5 3 7 5 6 9 10 7 11 7 4 6 3
1 1 3 1 2 3 5 1 1 2 9 6 8 1 10 14 17 6 8
1 2 3 3 1 6 2 1 7 4 3 2 5 2 15 13 5 17 9
1 1 3 1 3 6 3 2 6 9 2 7 10 6 1 4 7 3 7
1 2 2 2 4 3 5 5 6 9 7 12 4 5 14 3 2 3 9
1 2 2 2 4 4 3 3 1 2 8 2 6 5 8 3 2 16 9
1 1 3 1 1 6 5 7 8 5 1 5 13 4 12 4 12 9 18
1 2 3 2 5 1 7 2 4 1 5 7 8 1 6 4 11 7 10
1 1 1 4 2 2 4 8 2 3 7 4 12 1 3 1 17 10 5
1 1 2 3 5 6 3 5 8 5 3 4 13 14 11 9 2 4 3
1 2 1 1 5 6 3 1 5 8 6 1 5 12 9 6 10 2 18
1 2 3 3 4 6 6 6 3 4 6 1 2 2 12 8 12 17 10
1 2 2 3 4 1 6 7 2 2 8 11 13 12 4 9 6 7 3
1 1 2 4 3 5 1 6 7 9 1 4 6 14 2 3 11 6 15
1 2 3 3 3 1 6 7 8 5 1 9 4 6 1 16 4 18 12
1 2 1 3 5 6 6 6 4 3 10 7 5 8 5 6 14 8 12
1 2 1 4 2 5 1 7 4 3 10 1 13 5 13 2 2 13 7
1 1 2 4 3 1 4 4 7 3 11 9 9 13 10 6 13 7 18
1 1 1 2 3 3 7 3 5 5 4 11 5 3 15 8 11 8 14
1 2 2 3 2 1 1 1 5 3 5 8 5 12 12 14 9 6 6
1 1 3 2 5 2 4 6 2 9 7 9 11 6 11 1 15 6 2
1 1 2 3 4 1 5 8 7 10 2 1 4 2 11 4 16 17 9
1 1 2 3 1 4 6 6 6 1 9 9 13 1 2 7 15 1 3
1 2 2 2 3 6 2 3 1 7 3 11 13 7 10 1 15 5 16
1 1 1 1 5 5 2 3 9 6 1 7 2 12 9 9 14 13 5
1 1 3 2 1 3 1 6 4 1 8 6 9 7 9 13 13 17 1
1 2 2 1 4 4 7 5 2 3 9 5 6 9 3 1 14 2 19
1 1 1 3 2 5 7 4 2 8 6 11 5 6 6 11 6 9 12
1 1 3 3 2 2 6 4 2 3 3 9 2 2 3 4 8 17 16
1 1 3 4 1 6 2 2 1 9 8 1 1 14 12 1 12 10 9
1 1 2 1 2 3 7 5 9 3 6 1 7 14 5 3 8 17 5
1 2 2 2 2 1 6 2 3 8 11 4 8 8 10 10 9 3 11
1 1 2 4 1 4 5 7 5 7 7 12 11 1 4 4 9 17 19
1 2 1 2 3 4 5 4 3 3 10 11 13 12 15 1 13 11 1
1 1 3 4 3 6 3 8 8 2 3 9 3 8 7 6 6 12 18
1 1 1 4 4 4 4 6 5 8 7 4 4 1 2 6 2 12 4
1 1 3 2 1 1 4 4 3 10 4 6 9 13 14 1 13 13 9
1 2 3 4 3 2 2 7 7 2 4 3 13 2 6 9 4 2 18
1 2 1 4 5 1 2 1 1 8 5 8 9 3 6 1 17 17 4
1 2 1 1 5 2 7 7 7 6 3 9 4 5 10 10 5 16 6
1 1 3 1 4 6 1 5 3 7 8 10 4 8 5 16 13 1 17
1 1 1 4 3 4 5 5 3 7 11 10 11 3 6 15 6 12 10
1 2 2 4 3 5 4 4 7 7 7 3 7 2 13 14 5 8 15
1 1 3 1 2 1 3 2 4 4 11 11 2 10 15 7 17 9 14
1 1 1 4 5 3 1 7 4 1 11 2 2 2 1 5 8 14 10
1 2 3 2 3 6 5 3 7 1 2 8 11 4 2 6 17 11 14
1 1 2 4 2 6 3 2 8 10 7 1 5 14 6 12 10 8 9
1 2 1 3 2 3 2 5 5 4 5 10 11 9 11 16 9 18 17
1 1 1 4 3 4 4 8 5 4 11 4 5 10 15 1 11 3 16
1 2 1 1 3 6 5 3 8 1 10 6 2 8 10 9 10 16 11
1 2 2 4 2 2 6 1 5 1 5 5 12 13 3 15 3 2 7
1 1 1 3 5 1 2 8 4 3 10 7 9 9 12 3 10 2 16
1 2 2 4 2 1 7 1 8 10 3 7 12 3 5 9 14 9 11
1 2 2 1 3 1 1 7 1 6 10 4 9 4 11 11 5 5 17
1 2 1 1 5 6 7 2 5 2 10 2 11 6 2 16 15 13 3
1 2 3 2 3 4 2 6 8 6 10 1 10 5 7 2 16 7 1
1 2 3 3 3 5 3 6 8 8 9 6 5 1 13 4 7 7 3
1 1 1 1 4 4 6 7 4 5 5 6 5 14 5 11 5 11 18
1 1 1 1 3 1 6 1 7 9 4 6 8 4 10 4 12 5 16
1 2 3 1 2 2 3 7 8 4 5 12 11 9 6 10 1 12 5
1 2 3 4 4 3 6 1 7 10 5 10 4 10 12 4 10 11 13
1 1 2 4 1 5 1 4 2 9 11 8 12 11 9 2 17 5 4
1 2 2 1 4 4 6 2 1 2 7 3 9 7 11 6 16 1 3
1 2 2 1 2 3 5 3 9 7 11 5 11 11 6 16 11 16 1
1 2 2 1 4 6 6 4 7 4 1 1 7 13 15 3 9 10 6
1 1 2 4 4 6 6 8 2 4 11 6 11 13 3 9 6 7 9
1 2 2 4 4 1 1 5 1 4 7 7 6 10 3 1 11 13 3
1 2 3 1 2 4 3 3 8 2 6 7 8 14 6 10 14 5 6
1 2 1 2 5 4 3 5 2 9 1 4 7 6 14 15 11 9 17
1 1 3 3 1 4 2 3 6 6 10 1 4 7 11 6 1 17 12
1 2 3 3 1 3 5 5 8 1 3 10 4 6 7 1 4 8 8
1 2 1 4 4 3 2 4 1 3 3 3 11 6 13 14 2 15 9
1 2 1 2 5 4 4 5 7 2 10 9 10 6 11 2 9 7 5
1 2 3 1 4 1 5 6 9 8 1 1 1 11 8 12 7 12 14
1 1 3 1 1 2 5 2 9 3 5 5 12 3 2 16 8 13 2
1 1 2 3 4 1 3 6 3 6 11 3 4 8 14 12 3 7 1
1 1 2 1 2 5 5 4 6 5 4 10 13 4 2 11 4 17 13
1 1 1 4 1 5 1 8 2 2 8 8 9 7 10 4 6 13 10
1 1 1 2 4 6 1 6 9 7 5 8 10 8 11 13 13 11 3
1 2 1 3 2 4 6 6 4 6 9 8 12 5 1 14 16 2 5
1 1 1 1 2 2 4 2 3 3 6 4 13 13 5 5 5 13 13
1 2 3 4 3 3 5 6 3 3 11 12 5 7 3 8 13 1 5
1 2 2 1 1 4 7 8 2 6 7 12 1 9 5 12 6 1 14
1 1 3 1 2 5 3 5 4 6 3 11 2 11 10 7 8 16 16
1 1 3 1 3 1 4 1 2 9 4 11 13 13 13 7 8 8 14
1 1 1 1 2 6 7 1 9 6 1 11 13 1 7 15 11 8 11
1 2 1 2 4 5 6 3 6 5 2 2 10 6 7 11 15 8 19
1 2 1 2 2 5 3 8 4 7 5 11 7 1 14 5 16 12 9
1 2 3 1 1 3 7 3 8 1 8 11 2 6 6 11 8 8 19
1 2 1 1 5 6 6 7 1 8 7 12 3 4 13 10 17 4 5
1 2 1 3 2 2 3 8 3 2 8 10 6 11 2 1 16 18 4
1 2 3 3 3 4 2 5 8 1 9 9 11 14 7 8 5 11 12
1 1 3 1 4 3 5 6 2 10 9 9 5 8 14 14 13 16 7
1 1 1 3 5 2 3 3 9 8 9 8 3 6 15 12 8 5 10
1 2 2 1 4 2 2 1 2 10 3 4 12 8 5 7 14 12 10
1 1 2 4 4 4 4 5 3 1 8 11 8 10 8 4 3 9 12
1 1 2 2 4 2 2 2 5 10 10 9 2 12 3 9 9 7 14
1 2 2 4 1 2 1 3 1 10 2 3 5 8 13 6 10 3 15
1 1 1 4 4 2 3 1 9 8 9 6 9 13 6 9 14 15 15
1 1 3 1 2 6 2 7 8 1 7 12 3 1 7 5 13 17 9
1 2 1 1 1 4 4 2 8 7 11 1 11 2 3 9 6 17 2
1 2 3 3 2 2 3 2 9 1 7 1 6 11 15 5 8 14 18
1 2 3 4 5 1 1 6 4 7 8 6 8 4 13 7 16 1 10
1 1 3 2 1 1 2 5 6 7 5 7 4 5 15 4 5 2 16
1 2 2 2 2 1 2 1 8 4 1 11 13 14 14 11 7 18 15
1 2 2 3 3 5 3 5 1 3 7 3 4 3 10 2 16 2 10
1 2 3 4 4 4 2 1 4 1 6 9 9 10 13 3 10 3 11
1 1 1 2 2 5 7 1 8 9 11 3 7 3 13 1 1 10 1
1 2 3 4 1 4 5 8 7 6 3 11 10 3 6 12 15 12 15
1 1 3 4 3 5 1 8 2 10 3 11 2 12 7 11 9 13 17
1 2 2 4 2 4 4 6 9 6 3 12 10 1 2 15 16 7 17
1 2 2 1 4 6 6 2 7 7 5 11 5 5 6 5 15 18 14
1 2 2 4 5 1 1 2 4 6 8 7 5 2 8 3 10 3 8
1 2 2 1 3 4 1 7 8 7 7 5 9 12 12 14 13 15 9
1 1 1 2 5 1 3 7 3 5 9 5 5 11 2 11 12 3 16
1 1 3 1 1 1 4 6 3 8 1 5 1 6 13 16 1 4 4
1 2 3 3 2 6 3 5 8 10 11 2 11 5 9 8 12 13 12
1 2 3 1 4 6 2 5 5 8 1 11 12 11 9 16 14 17 7
1 2 2 3 2 4 4 2 9 6 9 6 2 10 8 16 11 1 14
1 1 2 2 5 1 1 2 6 4 6 5 11 6 1 11 17 8 10
1 2 3 3 2 4 6 4 2 4 6 11 12 7 1 14 3 6 10
1 2 2 1 5 5 7 4 7 2 4 10 13 12 14 5 8 11 3
1 2 1 4 5 3 7 3 9 10 10 3 7 13 5 1 3 8 6
1 2 3 4 1 4 5 4 3 1 2 6 7 7 1 16 10 8 4
1 2 1 1 5 1 6 1 1 9 7 3 4 10 7 6 12 11 4
1 1 1 3 4 5 3 3 7 8 9 9 8 10 1 2 10 8 18
1 1 2 4 3 4 1 8 1 1 3 6 3 12 6 9 7 15 16
1 1 3 4 3 2 7 1 5 9 7 10 5 10 1 1 6 15 16
1 1 3 2 5 2 7 3 6 5 10 2 5 14 10 14 7 17 4
1 2 1 3 3 6 6 3 6 7 8 1 13 8 5 5 5 1 15
1 1 3 3 2 6 3 6 6 4 2 11 4 5 1 14 12 5 2
1 1 2 1 4 3 5 6 2 10 8 9 11 6 8 16 14 11 10
1 1 3 1 4 4 2 2 7 9 10 3 4 13 12 5 5 6 2
1 1 1 1 4 4 5 6 4 8 6 5 1 12 10 4 10 18 3
1 2 3 2 1 4 7 1 6 3 8 1 9 9 9 10 7 7 15
1 1 1 1 5 5 6 6 7 3 1 8 9 10 7 6 2 4 5
1 1 3 2 4 4 1 3 6 1 4 8 6 6 6 2 4 3 8
1 2 2 2 1 2 3 4 4 6 2 6 11 12 14 3 7 7 16
1 1 2 1 5 2 7 2 7 10 11 9 8 12 3 7 10 3 3
1 1 1 2 1 1 5 5 5 4 2 6 11 13 7 3 13 3 9
1 1 1 3 5 6 6 2 8 10 10 4 6 5 9 5 9 7 12
1 2 2 2 4 6 2 7 8 8 11 1 12 13 13 16 17 18 11
1 1 1 4 5 4 4 5 3 3 1 2 13 4 10 9 17 3 2
1 1 1 2 1 4 5 4 9 7 4 6 3 12 11 10 2 3 15
1 2 3 1 4 3 5 5 6 5 11 3 12 4 11 7 17 17 14
1 2 1 1 3 6 5 3 8 1 3 9 9 13 3 13 11 8 7
1 1 3 3 5 4 7 5 2 3 10 1 12 5 3 12 11 11 15
1 1 3 3 1 5 6 4 4 7 9 7 13 10 4 7 7 15 1
1 1 2 4 5 4 6 7 6 8 6 9 6 13 10 8 2 10 14
1 1 3 1 3 4 1 4 5 4 5 2 12 8 3 5 4 1 14
1 2 2 2 4 4 5 7 3 6 10 3 8 11 12 16 7 12 9
1 1 3 1 4 1 4 4 5 8 2 2 13 10 6 9 10 3 5
1 1 1 1 2 3 5 1 9 4 10 11 10 10 7 14 2 17 10
1 2 1 4 3 3 7 2 9 5 3 2 8 3 5 13 1 16 6
1 1 2 2 2 2 7 7 2 9 6 9 12 12 8 5 17 12 16
1 2 3 3 4 1 2 5 4 2 8 11 4 10 9 10 13 1 16
1 2 2 1 2 5 7 5 2 5 9 9 9 8 6 9 1 13 5
1 1 3 4 2 1 5 2 6 7 7 3 12 14 11 1 1 3 15
1 2 2 2 4 3 4 4 2 7 1 11 1 13 4 16 16 2 15
1 1 2 2 2 6 5 1 2 8 4 3 5 3 9 6 12 3 17
1 2 2 3 1 4 3 7 4 4 10 4 7 14 4 9 10 7 19
1 1 1 3 4 2 4 5 4 10 1 5 4 10 15 10 15 15 9
1 1 2 1 1 6 6 7 3 3 11 5 2 10 13 14 4 6 9
1 1 3 4 4 2 3 5 6 8 9 1 9 7 5 3 12 4 14
1 2 1 1 3 3 5 5 1 1 1 8 9 9 13 16 12 16 10
1 1 3 3 5 4 5 5 2 10 3 6 13 5 12 7 16 17 6
1 1 2 1 2 1 6 6 6 3 10 4 6 2 15 6 3 12 3
1 2 1 3 3 6 3 8 5 4 6 12 7 10 11 1 16 8 14
1 2 1 1 1 4 2 8 2 2 9 5 6 2 12 16 9 4 12
1 2 3 2 4 6 4 1 2 7 2 10 11 10 6 16 14 13 7
1 1 2 4 3 4 6 3 4 5 4 4 11 2 8 10 3 5 5
1 2 3 3 1 2 3 2 3 8 2 1 2 8 4 16 1 15 2
1 1 2 3 3 2 2 3 8 5 11 4 8 10 5 6 17 14 6
1 2 1 1 5 4 1 4 6 3 5 8 7 13 7 8 1 16 14
1 1 1 1 2 6 1 5 8 7 3 9 2 8 1 2 10 8 1
1 1 2 1 5 6 2 1 5 2 10 4 11 2 3 11 4 14 8
1 1 2 1 4 2 1 8 7 4 8 8 7 5 7 6 3 18 7
1 1 3 3 2 3 5 4 7 6 9 2 7 12 15 8 4 6 12
1 1 1 3 5 1 7 1 3 3 1 6 7 13 10 11 12 6 6
1 2 3 1 1 4 6 1 4 7 6 7 3 3 1 6 5 11 11
1 2 2 3 1 3 5 3 3 1 10 7 9 11 8 4 12 5 18
1 1 1 2 1 4 2 8 2 6 6 4 13 1 11 13 10 1 13
1 1 1 3 1 3 1 1 6 6 2 5 9 8 11 7 4 6 12
1 2 3 4 3 1 3 1 4 5 8 6 6 12 1 11 16 6 1
1 2 3 1 2 5 4 5 5 1 5 8 12 6 12 8 12 15 9
1 1 1 3 5 4 1 5 6 10 4 12 6 8 12 2 10 2 15
1 2 3 2 4 4 4 2 3 6 5 7 3 14 13 6 3 7 3
1 1 1 2 4 6 2 2 8 7 6 7 2 14 2 11 17 9 5
1 1 1 4 1 3 2 2 4 3 1 9 6 13 13 14 16 9 12
1 2 2 2 3 5 3 1 6 10 5 8 10 6 15 9 5 5 10
1 1 1 1 3 6 1 4 7 10 7 1 13 3 1 14 14 11 14
1 1 3 2 2 4 4 7 9 2 3 4 3 13 15 15 14 15 15
1 1 2 4 2 1 2 8 4 2 1 10 5 12 5 1 15 17 15
1 1 2 1 4 3 2 1 3 3 9 6 13 2 12 13 4 3 12
1 2 2 2 2 6 7 2 9 8 6 11 6 5 9 3 9 18 3
1 2 3 1 1 4 4 2 2 7 1 1 2 11 6 14 17 4 13
1 1 1 1 2 4 3 2 1 6 6 6 9 2 14 8 4 12 19
1 2 2 1 2 6 3 5 4 5 5 10 11 2 15 6 7 2 5
1 1 3 3 1 6 1 8 1 1 8 11 2 3 6 10 17 13 16
1 2 2 1 2 5 6 8 5 2 8 8 8 11 9 10 9 4 10
1 2 1 3 4 1 7 8 4 3 6 4 8 1 10 3 16 6 2
1 2 2 3 5 1 4 1 2 4 9 12 10 11 6 7 9 4 2
1 2 2 2 5 5 5 5 7 7 10 1 3 14 12 9 5 13 14
1 2 1 4 2 5 2 5 3 4 11 1 10 7 15 14 7 10 8
1 2 3 4 4 2 6 8 1 3 11 6 8 2 10 7 17 12 5
1 2 2 4 5 1 1 1 3 10 7 3 4 3 10 4 11 16 5
1 2 1 2 4 5 7 7 6 6 8 10 5 11 12 14 3 15 10
1 1 1 3 2 2 7 6 3 5 10 4 13 7 10 9 2 13 5
1 2 2 2 5 4 5 2 9 9 3 2 13 12 15 3 16 2 14
1 2 2 4 4 3 7 6 3 9 2 10 7 4 2 7 8 2 9
1 1 2 3 5 3 6 6 7 3 4 10 6 6 11 4 7 10 11
1 1 3 4 4 1 1 8 4 9 10 4 12 11 15 10 17 3 17
1 2 3 4 2 4 3 3 8 8 7 8 12 6 5 2 6 11 4
1 2 1 1 2 4 5 2 3 8 3 11 9 4 13 6 5 12 6
1 1 2 4 2 4 7 4 3 8 7 1 4 3 7 10 4 12 3
1 2 1 1 5 6 6 3 8 7 7 4 13 11 6 11 13 2 10
1 2 3 3 1 2 7 4 7 1 10 5 12 4 4 14 14 15 13
1 1 1 2 3 1 6 5 7 10 7 2 4 1 12 8 14 14 14
1 1 1 3 4 3 4 5 2 4 9 9 9 5 11 10 2 4 2
1 1 1 1 1 3 7 1 1 8 9 9 11 9 10 10 4 14 1
1 2 3 1 3 5 7 1 8 1 10 2 5 13 1 8 12 11 10
1 1 3 2 1 4 7 3 3 4 9 2 1 9 4 11 3 6 19
1 1 1 2 3 1 4 1 9 3 6 2 13 11 4 9 11 15 17
1 1 3 4 4 1 3 5 7 8 11 12 5 6 4 7 9 8 5
1 1 2 4 3 2 3 3 1 8 9 6 13 14 11 16 10 3 3
1 2 2 3 1 6 7 8 4 4 10 4 12 7 9 13 6 10 9
1 1 2 2 4 6 4 2 6 1 3 1 10 1 1 3 4 12 19
1 1 1 1 3 6 3 2 2 2 4 7 4 3 2 9 8 18 11
1 2 1 3 3 6 2 6 8 3 6 12 11 8 15 16 5 1 18
1 2 3 2 3 5 5 6 6 8 4 6 9 1 13 15 13 5 19
1 1 1 2 4 1 5 4 7 7 1 1 1 13 8 13 7 13 12
1 2 2 1 2 3 7 8 3 8 6 5 5 7 10 9 13 11 10
1 1 3 4 2 2 2 1 2 10 4 6 1 5 11 8 4 8 5
1 1 3 1 1 3 2 1 9 10 5 9 10 8 3 6 7 7 8
1 1 3 2 4 2 4 3 5 4 4 6 5 10 9 5 3 14 9
1 2 3 1 5 1 2 2 3 2 1 12 7 10 8 8 12 13 2
1 2 2 1 4 5 5 4 3 9 6 9 4 1 9 15 10 4 14
1 1 3 4 1 1 1 1 5 10 7 4 13 14 1 1 9 8 5
1 2 2 4 2 5 1 3 6 9 7 5 5 2 15 14 6 10 8
1 2 2 3 4 4 4 3 6 7 6 10 5 14 1 2 3 8 3
1 2 2 2 3 4 4 7 1 7 3 9 3 1 7 2 9 13 10
1 1 2 4 3 5 5 8 4 2 6 12 4 13 15 2 1 13 15
1 2 3 3 3 2 2 3 5 2 8 10 4 7 11 5 11 16 1
1 2 1 3 5 6 6 7 4 1 3 3 8 6 12 2 5 18 19
1 2 1 2 3 2 4 2 6 10 9 1 6 6 10 16 8 3 9
1 2 2 1 3 5 4 1 3 5 3 1 11 9 8 6 9 6 11
1 1 3 1 2 4 2 7 4 6 11 9 8 11 13 1 3 15 17
1 1 3 1 2 2 2 1 9 10 5 9 7 11 14 2 10 9 14
1 2 2 1 3 1 6 7 6 1 10 10 8 9 6 5 1 7 16
1 1 2 3 3 1 3 2 3 6 10 7 11 5 2 7 13 11 4
1 1 1 4 1 4 3 6 6 4 9 2 10 1 11 2 17 5 17
1 2 2 1 2 3 6 4 2 3 9 3 13 10 12 2 7 3 14
1 1 2 1 2 1 2 7 6 1 2 2 12 12 12 6 6 16 1
1 2 1 1 2 5 5 8 8 2 9 8 4 1 9 1 14 15 12
1 1 1 3 2 6 2 8 8 1 1 12 8 8 14 14 11 2 12
1 2 1 1 1 1 4 7 4 9 1 11 2 9 14 3 4 2 1
1 1 2 2 3 2 4 3 3 5 1 3 7 6 8 7 2 12 18
1 1 2 3 5 1 5 1 9 1 6 8 10 10 6 2 8 1 3
1 1 3 1 3 3 6 6 2 7 9 11 11 11 8 6 10 2 12
1 1 1 3 4 6 6 7 8 9 9 7 10 10 9 2 10 11 6
1 2 1 2 3 2 2 6 1 2 1 1 2 1 8 14 6 18 1
1 2 3 1 3 3 7 8 8 3 1 1 3 10 4 10 8 12 19
1 2 3 3 2 6 4 1 8 1 7 2 5 12 11 16 15 1 4
1 1 2 2 1 4 2 6 3 9 4 6 11 13 4 6 16 12 4
1 2 2 1 1 3 2 2 4 10 3 1 3 3 8 3 4 9 2
1 2 2 4 3 1 4 8 6 3 1 10 2 6 15 11 7 3 9
1 1 2 1 1 4 2 8 1 2 3 8 1 2 14 10 8 9 12
1 2 1 3 2 5 4 2 7 8 4 8 13 4 1 16 8 15 4
1 1 3 1 2 2 4 2 6 1 2 12 2 11 11 2 15 18 3
1 2 1 1 2 1 6 1 6 3 2 8 4 4 14 16 4 4 7
1 2 2 4 3 5 1 2 2 10 11 3 1 9 10 12 6 4 5
1 1 3 3 5 4 6 7 7 8 1 10 12 3 1 14 11 1 1
1 2 3 4 5 1 7 6 3 6 2 5 10 11 13 15 10 5 4
1 2 3 3 1 1 4 5 6 6 9 7 12 12 9 4 10 11 19
1 1 1 3 4 3 2 2 1 10 3 10 6 3 4 1 17 13 7
1 1 1 4 4 3 4 4 2 4 8 6 11 10 2 2 4 8 8
1 1 3 1 1 3 4 3 3 3 3 7 8 7 10 3 8 11 19
1 2 1 1 2 6 6 8 1 4 11 4 8 8 2 10 16 9 1
1 1 1 3 2 1 2 7 1 1 11 2 5 10 8 16 2 1 14
1 2 3 1 5 5 4 1 6 4 8 9 4 10 14 11 9 4 2
1 1 3 4 5 3 1 5 4 2 11 5 10 8 7 4 6 12 2
1 1 1 2 2 4 7 2 1 7 7 1 13 3 5 13 8 5 16
1 1 3 1 3 4 7 7 7 1 5 1 5 10 12 14 7 18 3
1 2 2 1 4 2 5 3 4 6 4 7 13 14 6 10 1 12 15
1 2 2 3 1 4 1 7 3 6 4 5 1 13 12 16 4 7 10
1 1 2 4 4 4 4 1 1 7 9 3 4 4 14 14 6 11 1
1 2 1 2 3 4 2 4 9 6 6 7 1 12 6 14 15 5 16
1 2 2 4 1 4 4 1 9 6 11 1 7 6 6 2 2 9 16
1 1 1 2 4 3 4 2 9 9 10 7 6 3 13 16 14 11 4
1 2 1 4 3 1 4 7 1 10 11 7 8 12 5 3 7 17 1
1 2 1 3 4 1 5 3 6 7 4 2 11 2 14 16 5 10 19
1 1 3 4 1 1 6 2 7 3 7 11 9 2 11 1 16 15 11
1 2 3 4 5 5 7 4 1 6 2 10 4 10 11 6 16 15 5
1 1 2 1 2 3 7 4 3 2 8 2 1 13 10 6 2 1 18
1 1 3 2 4 5 4 4 4 3 10 6 10 8 6 12 6 11 7
1 2 3 3 3 5 4 8 1 2 4 12 9 5 4 7 13 2 5
1 1 3 4 1 1 6 8 7 3 6 6 9 13 15 15 3 5 7
1 2 3 1 4 5 7 8 1 7 5 3 1 8 14 11 13 10 7
1 2 1 4 4 3 6 1 6 4 3 1 10 8 2 14 17 18 2
1 2 1 1 3 4 1 4 2 1 1 6 9 11 6 10 5 7 1
1 2 2 1 5 4 3 1 6 4 7 1 10 9 8 6 16 8 7
1 1 2 2 1 4 2 3 5 7 3 2 10 10 6 12 8 9 6
1 1 2 3 3 3 4 2 7 6 7 2 2 5 3 13 10 2 15
1 1 2 2 5 6 6 3 5 10 11 1 3 3 12 11 1 6 3
1 2 1 2 2 2 5 2 7 1 7 2 7 11 8 6 1 11 16
1 1 3 1 4 1 6 8 8 7 9 10 5 10 1 2 4 18 11
1 2 1 1 3 2 1 2 5 6 4 2 7 12 4 12 5 2 13
1 2 1 3 5 5 5 5 9 8 3 1 10 12 7 2 12 2 7
1 2 1 2 3 3 5 8 7 5 6 3 9 14 3 8 17 1 16
1 1 2 4 1 2 3 3 5 9 1 6 7 9 9 13 13 10 11
1 1 2 4 5 3 6 7 3 7 8 4 10 1 11 4 12 17 8
1 2 3 4 2 4 5 5 7 2 3 8 12 10 6 13 4 3 16
1 1 2 3 3 3 4 2 5 4 5 3 7 14 6 16 14 17 19
1 1 2 2 1 5 6 7 4 10 10 4 1 11 4 4 4 5 17
1 1 2 2 2 3 2 5 5 5 10 2 12 12 11 7 15 1 13
1 2 2 1 4 2 6 4 7 5 1 2 13 8 10 14 14 14 7
1 1 1 3 1 5 1 2 3 5 5 5 5 14 15 4 15 10 4
1 2 2 4 5 6 7 5 7 7 11 7 7 7 13 2 15 15 4
1 2 3 2 3 4 6 2 4 4 1 5 5 6 1 1 6 1 8
1 1 3 2 4 4 1 5 5 7 6 1 1 2 8 16 8 16 3
1 1 3 1 1 5 1 5 3 2 6 7 4 4 6 4 3 4 5
1 2 2 2 5 3 4 2 8 4 10 1 8 1 14 3 7 6 2
1 2 1 2 4 2 4 8 1 4 3 12 12 5 5 16 11 12 10
1 1 1 4 2 4 2 2 6 6 10 4 12 10 14 1 16 14 2
1 2 2 1 3 5 1 2 6 2 7 1 3 1 9 1 16 13 1
1 2 3 4 5 4 1 6 7 7 1 3 13 4 3 5 7 6 19
1 1 2 2 3 2 3 8 8 7 1 6 6 3 14 2 4 7 16
1 1 2 2 3 5 5 6 2 7 6 12 8 8 4 3 5 16 4
1 1 1 2 1 2 5 8 4 1 6 7 12 6 9 15 3 1 12
1 1 1 3 4 4 3 7 5 3 7 10 1 3 4 12 12 6 3
1 1 1 3 1 5 2 5 4 3 9 9 11 2 11 13 17 7 14
1 1 3 3 1 1 2 1 7 10 1 6 7 8 13 7 1 17 16
1 2 3 3 2 2 5 4 4 7 7 4 4 1 13 14 15 16 2
1 2 1 1 2 6 3 4 7 2 10 10 4 12 9 16 3 4 4
1 1 3 1 1 4 6 4 9 7 7 4 5 5 4 2 12 12 19
1 1 1 3 4 5 3 7 6 5 5 4 2 10 14 15 15 10 4
1 2 3 1 4 2 5 7 5 10 7 10 5 9 12 1 4 18 4
1 1 2 2 4 3 3 7 6 4 9 4 2 10 3 8 14 2 1
1 2 3 3 3 1 6 1 9 7 10 4 13 8 11 4 17 18 3
1 1 1 2 5 3 5 4 8 9 1 10 6 6 3 6 10 10 19
1 2 1 2 4 6 2 5 5 8 7 12 1 5 11 7 9 6 9
1 1 2 2 5 5 2 3 2 9 11 4 10 9 3 8 17 7 19
1 2 1 2 3 4 7 2 5 8 7 10 7 10 4 11 15 14 2
1 2 3 4 4 4 5 3 7 8 2 2 2 9 9 1 17 6 3
1 2 2 1 4 4 6 2 3 7 8 6 7 2 11 10 13 13 18
1 2 3 4 1 5 7 3 1 7 7 11 4 12 11 16 16 4 9
1 2 1 2 3 6 3 2 8 3 8 9 12 3 4 1 16 5 18
1 2 1 1 1 4 3 2 7 8 9 10 9 7 9 6 11 2 14
1 2 2 4 2 4 1 7 3 4 6 3 2 12 10 3 9 3 15
1 2 3 2 2 4 4 7 8 5 8 11 13 6 2 5 8 11 12
1 1 2 1 2 5 4 5 8 9 6 1 2 4 11 3 11 6 2
1 2 3 3 1 1 5 2 4 10 10 4 5 9 3 4 14 10 3
1 1 2 4 1 4 6 8 5 2 3 12 9 12 13 16 8 1 7
1 1 3 2 3 4 4 2 5 5 11 3 4 14 10 3 1 5 17
1 1 3 2 4 1 2 3 8 8 11 3 7 8 14 3 11 8 18
1 2 3 3 2 5 6 1 8 4 9 4 4 12 5 12 4 6 13
1 2 3 2 3 6 7 7 6 2 9 7 7 14 10 4 8 17 11
1 2 1 1 1 4 3 8 6 3 1 10 3 10 3 1 17 11 5
1 2 2 1 4 1 1 3 7 3 7 11 12 11 9 7 17 11 13
1 1 2 4 3 3 7 3 8 10 1 3 6 12 6 13 13 5 11
1 1 2 1 1 5 7 4 3 1 2 1 1 4 8 12 10 18 18
1 2 3 4 1 6 7 2 6 3 6 6 10 6 15 9 13 6 1
1 2 3 4 1 5 5 5 7 2 6 8 11 7 7 9 13 3 16
1 2 3 3 4 3 4 3 2 10 2 6 9 6 6 2 3 14 7
1 1 2 3 2 3 3 7 6 6 9 5 11 4 3 6 4 6 16
1 2 2 4 2 4 4 3 7 5 10 4 7 13 7 14 9 16 17
1 1 3 3 4 2 1 4 7 5 1 11 7 13 2 3 11 1 11
1 2 2 2 4 5 6 3 2 1 9 4 7 12 6 14 8 6 6
1 1 2 3 2 2 1 8 2 7 4 1 10 6 8 5 6 17 14
1 2 3 3 5 2 3 7 7 2 7 12 10 2 1 13 15 4 10
1 2 1 3 2 1 2 6 6 4 1 6 3 11 2 5 10 18 17
1 2 1 3 5 1 6 4 5 1 3 12 5 13 6 7 2 3 17
1 2 2 4 5 3 3 2 7 10 9 1 2 3 9 12 8 12 17
1 1 2 1 5 5 5 6 2 8 5 5 11 2 3 16 3 1 13
1 2 3 1 2 5 1 4 5 7 8 8 13 1 11 2 5 15 3
1 2 3 3 2 2 7 6 3 8 2 1 13 14 13 7 14 18 17
1 2 1 4 2 2 1 1 1 8 1 8 6 6 6 16 5 16 2
1 1 1 1 2 2 4 6 1 10 11 5 2 2 14 6 5 10 14
1 1 1 4 2 3 1 7 5 6 11 2 2 6 4 7 12 2 3
1 2 3 3 2 3 7 2 5 8 3 8 11 8 13 7 11 6 15
1 1 2 4 4 2 4 2 8 9 3 3 13 13 7 13 4 15 19
1 2 3 1 5 3 7 1 7 5 5 7 2 3 11 9 12 18 12
1 1 3 1 1 3 4 3 4 10 8 6 8 11 8 11 12 12 8
1 1 1 4 3 1 1 1 8 10 9 12 2 9 14 12 4 8 8
1 1 3 2 5 1 6 3 1 3 4 5 6 7 14 16 14 18 14
1 1 1 1 3 1 1 7 1 2 7 8 1 8 4 16 14 16 3
1 2 2 1 4 5 2 6 9 3 8 11 7 10 5 7 17 1 10
1 1 3 4 3 2 5 5 2 3 10 11 10 14 4 9 15 1 10
1 1 1 2 4 1 1 8 7 1 2 12 9 8 1 5 10 11 18
1 1 1 1 4 2 3 2 7 8 7 1 7 4 7 2 9 6 17
1 1 1 4 1 3 7 8 8 7 2 8 8 6 14 14 15 17 13
1 1 1 2 4 2 5 5 6 1 8 5 5 6 6 7 13 12 18
1 1 2 1 1 4 2 3 8 4 8 5 7 9 8 7 9 16 18
1 1 2 4 3 4 2 6 5 3 2 2 1 1 8 3 5 17 14
1 2 2 3 5 2 3 5 1 7 7 3 12 4 7 3 10 14 15
1 1 2 2 4 2 5 4 4 10 7 2 5 10 14 16 5 16 3
1 1 3 4 2 6 3 4 1 3 3 11 7 13 8 11 9 8 8
1 2 3 2 5 5 3 7 7 4 3 3 2 11 1 7 17 14 1
1 2 1 1 2 5 2 5 3 3 4 6 4 12 7 8 17 5 10
1 2 2 4 1 1 4 2 2 6 8 7 5 3 4 11 3 14 12
1 2 3 1 5 2 1 5 4 9 7 9 1 3 6 10 11 2 11
1 1 2 2 3 1 4 8 5 8 4 5 13 7 5 4 9 18 13
1 2 1 2 2 2 3 5 8 7 1 10 9 13 4 3 3 11 16
1 1 1 2 4 5 3 7 9 7 3 12 7 6 14 3 3 12 10
1 1 3 2 4 4 4 7 5 8 5 2 1 2 6 4 3 2 11
1 2 2 3 5 4 5 5 1 3 11 4 13 2 7 3 10 16 14
1 2 1 4 4 3 5 8 3 4 6 3 7 5 10 3 1 14 3
1 2 3 1 3 5 5 6 9 9 2 7 10 9 1 4 6 7 17
