1000 1000 20
642 339 137
842 630 284
576 202 219
468 674 100
130 25 154
303 438 437
339 255 180
75 332 23
391 937 342
944 719 407
481 53 56
483 178 101
530 60 269
642 213 114
562 920 358
819 305 39
618 212 167
358 92 74
614 836 179
607 933 66
726 742 176
811 148 129
13 522 147
987 531 172
987 321 180
784 848 44
476 136 154
476 823 461
566 737 37
448 68 72
121 718 56
551 695 1393
954 179 119
59 262 185
440 880 370
877 420 310
347 35 483
437 343 22
112 675 49
725 355 106
542 453 78
130 858 93
763 914 434
446 241 1211
493 894 385
372 611 61
318 149 500
515 354 137
658 25 216
315 642 200
97 258 266
819 510 1183
667 997 35
369 244 740
884 556 347
460 440 192
134 923 109
34 365 85
305 188 139
994 672 337
896 911 252
189 836 54
179 762 140
221 520 1407
132 576 182
824 148 356
356 366 144
582 477 89
486 806 48
183 303 19
904 335 376
258 990 146
333 515 14
376 350 173
903 545 163
79 928 194
123 129 121
852 204 67
698 301 577
724 162 322
368 79 487
177 703 119
765 743 173
537 828 433
508 75 97
162 104 130
624 75 46
370 609 156
471 445 137
90 666 430
975 152 8
129 432 153
391 777 353
553 450 248
364 722 158
94 414 141
158 717 69
996 146 153
439 41 447
214 530 1117
976 575 2
990 420 376
339 250 340
524 63 444
265 188 389
578 306 16
135 958 48
367 554 8
991 432 181
760 90 123
826 730 448
933 669 223
601 59 359
936 317 80
602 657 1253
218 350 102
827 137 1065
821 500 13
414 921 366
125 140 485
495 353 70
764 428 141
921 147 526
342 700 197
642 166 27
269 296 289
362 384 63
235 958 60
321 153 1423
5 81 338
131 968 186
215 112 28
404 229 297
701 831 301
638 525 44
321 537 114
52 725 190
34 136 439
775 12 100
756 56 80
93 6 64
817 365 125
883 205 258
793 595 133
851 856 7
940 210 471
16 327 14
854 804 72
650 699 78
899 979 153
475 290 385
980 110 339
692 103 65
803 661 114
24 425 721
303 111 224
195 437 68
621 535 120
464 661 69
820 956 211
949 367 341
30 298 818
239 816 182
96 597 19
831 899 148
523 368 68
317 806 2
263 843 52
62 619 56
422 951 416
234 78 76
788 809 36
789 17 25
435 835 161
850 930 104
684 303 18
747 877 137
893 143 100
877 142 108
907 318 62
313 516 200
104 61 8
489 902 4
152 266 421
685 126 289
746 588 137
273 808 225
612 597 141
378 176 486
213 872 48
896 7 118
52 579 144
139 370 42
342 488 407
788 338 224
402 920 161
389 964 128
28 153 284
594 327 55
896 314 48
452 347 427
619 339 194
387 763 176
243 585 182
767 701 119
838 916 4
941 515 183
502 553 109
182 777 79
340 71 464
852 981 139
72 49 36
365 846 375
773 106 72
189 979 206
893 724 153
945 181 290
91 534 225
183 428 414
497 489 374
787 876 176
151 380 96
152 299 75
335 800 83
350 72 319
96 23 39
392 234 345
695 585 332
861 625 124
301 795 202
448 28 183
596 641 48
71 352 505
710 864 149
651 53 358
434 231 320
543 142 467
873 984 192
6 385 215
392 593 102
301 675 344
205 862 153
634 274 64
583 267 25
879 934 159
82 172 132
377 243 270
603 98 84
218 850 114
963 411 168
943 888 74
455 165 116
358 20 499
18 562 481
622 984 85
41 246 58
153 966 423
687 221 300
369 821 174
117 705 182
515 447 500
570 265 249
645 366 431
683 905 169
771 195 180
384 564 48
761 324 191
577 304 167
537 732 83
594 525 102
131 433 87
556 587 189
477 686 97
181 113 203
281 198 44
615 751 118
738 153 126
803 237 79
61 37 116
256 726 284
50 40 142
476 178 136
685 95 113
497 277 182
400 939 37
406 821 12
362 249 66
782 296 218
259 741 84
640 817 47
926 755 31
51 840 331
395 164 601
717 72 379
90 271 184
952 606 444
914 293 443
367 985 197
918 987 271
799 496 172
331 353 36
954 70 72
364 6 423
532 970 413
526 587 274
937 860 88
792 99 364
922 964 90
834 916 56
716 289 76
585 220 175
754 923 93
916 81 330
710 563 41
981 706 320
848 222 371
286 284 107
85 387 216
39 778 43
596 453 102
214 580 75
394 45 297
98 883 160
155 123 86
714 303 194
69 622 40
145 153 191
143 468 181
245 393 32
244 821 67
987 897 153
428 937 314
490 302 107
373 226 38
145 16 410
325 222 116
843 126 15
903 723 170
683 956 91
680 627 477
531 909 14
792 623 326
765 849 284
315 742 2
510 561 195
20 941 120
754 144 66
402 64 152
480 164 314
724 768 109
590 831 1
165 928 27
884 995 145
372 805 393
223 962 230
487 379 358
898 125 119
201 685 241
216 609 145
306 840 365
538 717 37
117 850 110
518 157 93
392 892 167
446 572 1324
667 437 27
998 402 134
790 373 108
180 936 21
568 851 153
958 989 104
798 43 31
616 105 54
20 734 1314
433 250 155
743 667 33
442 221 35
754 360 101
473 714 19
319 181 104
397 230 208
962 321 182
976 314 18
370 486 148
274 773 6
267 143 56
578 654 321
159 898 882
102 215 148
465 739 420
633 428 414
474 956 181
171 835 219
426 166 71
445 530 1045
182 578 166
824 545 89
374 779 173
363 848 173
615 776 24
375 368 16
25 114 21
920 577 634
36 337 54
704 818 717
934 889 52
47 411 24
351 685 162
741 409 802
152 242 364
579 421 225
469 696 8
748 504 184
356 82 15
803 27 107
364 869 146
69 393 148
606 964 292
573 543 446
408 390 159
248 425 441
714 217 31
437 593 745
323 251 57
46 952 319
581 304 51
776 168 68
498 829 151
836 181 78
248 682 27
647 576 224
154 393 393
85 813 417
534 866 189
430 115 441
283 920 192
535 411 203
570 720 21
833 631 465
323 768 378
881 594 46
411 632 491
974 929 24
977 374 394
784 649 61
296 692 144
821 355 2
501 306 394
127 833 196
536 957 47
158 60 123
711 731 259
174 620 379
633 877 102
575 679 102
679 172 197
89 118 149
645 246 129
803 107 232
191 289 76
459 194 57
126 934 63
241 195 167
768 778 867
876 4 48
918 716 128
186 366 320
372 609 256
10 155 64
843 9 168
344 585 12
683 742 129
30 831 123
746 312 447
745 780 84
150 523 374
28 613 427
342 102 319
622 262 55
444 830 46
903 972 12
601 194 382
989 354 312
698 640 71
400 178 73
998 169 244
465 689 378
498 902 56
691 124 104
387 906 181
885 835 364
475 728 152
967 196 414
35 77 160
212 701 475
224 638 129
329 48 160
861 721 5
770 516 172
164 504 43
127 721 86
385 505 228
533 460 132
799 682 136
73 948 349
285 360 36
734 426 132
382 155 72
577 336 357
348 471 362
1000 32 26
899 293 201
543 403 173
955 861 457
621 977 200
572 473 108
279 736 151
5 516 194
375 960 1415
175 937 163
664 591 153
456 361 262
650 44 439
508 895 21
119 27 180
102 666 161
0 161 95
653 362 264
355 960 122
147 275 156
786 821 447
751 118 5
370 268 385
570 205 1
20 653 446
930 860 497
331 785 108
979 614 124
193 342 255
704 408 145
979 311 184
241 845 128
69 362 223
337 873 90
917 152 230
435 530 1494
902 311 1236
936 759 443
868 421 89
172 342 65
816 408 133
549 442 293
221 18 417
337 65 350
646 59 1
292 401 196
558 796 191
33 527 55
784 113 495
27 627 386
447 67 216
149 42 461
228 135 607
94 160 128
60 517 273
602 81 121
303 52 77
367 497 130
16 180 1245
162 717 105
122 255 428
690 651 171
587 162 127
487 645 296
889 295 175
477 687 150
765 547 23
337 106 309
88 427 204
827 340 224
80 474 353
209 527 263
905 351 427
54 884 72
295 979 319
576 701 478
119 662 1029
740 634 383
77 987 153
266 314 83
292 42 96
42 76 349
463 631 96
39 199 69
684 875 18
434 919 93
175 574 140
569 231 620
689 734 461
350 826 471
681 583 157
555 711 36
23 14 190
177 300 138
911 724 156
84 904 281
34 165 123
614 99 170
247 707 155
815 633 22
727 590 132
967 603 76
274 403 303
120 535 171
846 850 41
100 887 310
881 54 133
344 543 442
834 237 20
324 203 433
871 738 37
179 622 174
481 623 179
810 689 33
309 938 170
320 959 114
973 212 113
245 161 34
11 743 70
154 992 157
393 81 403
867 598 320
554 960 18
668 365 208
924 153 23
906 530 137
48 714 73
961 716 407
815 666 419
57 32 92
146 326 149
375 565 180
975 270 170
666 331 328
207 380 479
417 937 311
59 568 31
949 356 264
640 348 16
964 856 90
113 352 53
700 505 81
213 594 213
243 827 147
214 270 115
463 979 141
925 394 168
652 389 54
865 192 62
684 360 301
558 95 77
58 92 336
342 332 156
895 670 232
379 847 982
31 516 411
450 255 35
815 961 14
35 214 255
413 634 107
672 48 267
455 36 449
334 276 26
414 640 98
584 328 379
787 988 159
366 96 477
640 536 100
164 930 199
428 338 174
107 441 42
425 37 39
765 247 53
409 48 886
667 702 56
990 433 50
956 896 175
84 247 59
404 741 114
385 708 287
737 113 70
307 116 260
744 463 192
947 42 364
636 720 135
596 937 254
321 840 372
764 112 46
395 473 187
931 894 125
59 468 204
344 358 32
30 755 160
616 66 429
397 837 124
556 469 417
646 634 809
352 176 195
755 13 353
975 955 205
623 885 139
482 707 253
735 483 22
102 406 74
663 302 381
503 667 381
509 731 316
728 140 110
500 250 129
950 987 411
667 152 18
757 428 103
285 960 355
737 655 90
723 547 327
985 420 366
949 509 440
992 715 145
316 372 20
80 988 260
728 997 354
942 10 195
905 322 422
83 741 380
60 42 86
912 289 121
926 770 242
888 700 246
582 58 133
121 390 13
305 654 98
516 189 79
919 356 156
658 514 60
695 392 205
817 208 278
721 810 235
636 225 191
810 532 238
340 132 145
715 315 435
264 426 124
109 410 1130
868 323 339
992 178 265
790 79 62
869 452 266
64 168 87
866 670 261
669 454 1458
729 907 443
1000 96 300
852 94 111
101 829 57
801 648 145
749 667 928
157 828 206
511 266 26
639 998 188
152 69 189
974 729 291
594 556 111
279 897 166
16 596 142
547 20 124
543 492 141
962 175 381
333 823 82
686 923 5
498 792 221
311 885 170
433 33 43
947 373 475
900 713 143
852 875 92
414 375 125
938 513 34
592 740 369
183 75 40
52 443 101
562 178 661
316 148 72
276 593 276
857 136 167
71 391 125
681 147 131
116 384 132
244 635 138
809 537 173
201 157 1165
739 211 15
721 397 64
184 955 135
888 170 175
898 697 59
140 370 262
133 280 469
120 711 100
382 280 869
434 38 130
302 177 17
537 354 1180
429 388 152
193 859 347
608 170 130
96 973 163
712 919 341
912 160 297
371 387 382
12 422 153
751 103 454
728 915 377
785 870 135
390 574 186
908 434 377
61 321 165
217 459 156
481 876 109
205 469 135
41 34 178
795 96 426
108 741 124
643 393 369
514 512 48
602 533 91
517 324 253
500 512 163
166 253 439
245 107 322
834 44 35
643 118 203
292 697 409
936 162 165
674 201 318
44 963 938
226 494 324
158 845 176
810 13 195
113 327 83
101 460 94
79 735 358
838 690 476
740 301 114
924 286 270
151 553 300
645 574 82
824 670 113
459 118 45
97 269 32
571 648 753
408 221 150
563 876 87
539 719 65
205 476 345
991 37 20
236 141 170
367 718 84
851 253 150
260 28 180
813 869 186
813 659 483
273 684 302
958 39 364
191 631 4
801 3 16
63 881 190
26 17 141
998 911 8
581 304 140
606 5 318
690 751 375
205 72 124
561 885 22
944 276 277
361 659 82
356 449 323
712 516 174
296 561 405
333 145 71
772 782 115
389 617 372
313 791 36
829 787 142
543 654 494
924 362 254
174 360 191
387 201 71
76 983 124
256 301 500
182 773 389
541 393 147
680 869 434
163 100 464
62 904 78
219 520 47
777 960 183
548 81 24
527 607 5
219 502 105
1000 969 877
704 430 491
999 556 325
95 300 40
297 51 186
171 352 193
841 752 466
790 76 201
236 499 221
241 686 197
515 875 887
284 388 138
753 193 140
181 782 1052
557 72 1207
403 452 174
165 592 27
649 496 46
994 907 219
457 6 4
956 964 184
159 664 148
296 528 416
500 210 73
525 743 111
397 815 831
119 582 116
303 834 98
728 560 463
293 166 58
378 265 161
807 700 182
886 157 39
474 570 436
82 518 347
68 51 34
103 704 18
243 656 146
73 7 24
163 869 126
62 935 143
156 868 167
365 945 63
995 601 389
533 835 338
968 267 51
387 579 383
185 677 162
683 301 319
374 859 38
945 453 94
342 89 158
862 208 361
273 36 475
575 620 89
320 348 81
535 900 196
676 960 107
515 446 80
162 740 236
794 272 27
881 105 200
858 703 377
217 835 173
686 664 130
117 920 413
201 470 145
824 253 127
202 617 323
464 8 21
967 872 973
32 962 389
790 444 37
5 766 41
71 663 389
461 821 99
107 238 435
365 314 44
28 484 5
797 715 52
795 912 73
799 455 91
717 486 320
972 325 289
727 512 21
510 226 55
734 897 343
284 75 399
355 662 138
968 904 253
467 480 19
1 2 3 1 2 5 6 8 6 4 7 6 6 4 15 16 3 14 6
1 1 3 1 2 2 3 4 4 9 4 8 1 7 3 2 17 7 17
1 2 3 4 4 4 7 4 7 5 7 8 3 11 7 12 7 8 13
1 2 2 3 1 3 1 4 3 4 8 10 11 9 11 6 3 7 6
1 1 1 2 4 2 5 2 4 2 6 8 8 11 5 5 3 13 12
1 1 2 4 4 4 2 1 4 1 9 3 3 13 9 5 8 18 19
1 1 3 3 4 6 7 4 7 2 2 8 11 12 10 4 14 2 16
1 1 3 4 2 3 4 6 8 5 6 8 8 12 10 4 8 14 7
1 2 1 1 3 6 5 5 2 3 10 11 8 2 11 6 9 11 5
1 1 2 4 1 6 2 1 7 10 5 6 7 7 1 16 2 16 9
1 2 2 1 3 4 4 3 9 4 8 10 2 14 6 3 11 2 12
1 1 2 3 4 3 6 7 1 7 10 12 12 6 8 5 10 12 10
1 2 1 4 4 1 5 1 9 7 11 6 8 9 7 9 8 11 19
1 2 2 2 5 4 6 8 6 10 9 11 6 12 10 9 2 2 8
1 2 3 2 3 2 4 2 9 6 5 1 12 1 14 14 2 17 13
1 2 2 2 1 5 6 8 6 7 6 6 12 2 11 7 17 2 15
1 1 2 2 3 5 5 7 5 4 8 10 3 13 12 4 14 5 3
1 2 1 3 5 6 4 2 8 10 10 4 8 3 11 2 8 5 16
1 2 3 2 2 4 2 8 1 7 5 2 9 13 3 10 8 18 2
1 1 3 4 5 3 6 5 3 8 10 4 5 14 3 1 8 1 11
1 1 1 1 4 2 1 2 6 3 10 2 13 6 1 16 17 17 12
1 1 1 3 2 5 1 4 2 1 2 5 13 5 2 5 7 15 13
1 1 3 2 2 6 3 3 2 4 7 10 1 14 3 8 15 12 14
1 2 3 1 4 6 2 2 9 1 5 3 3 13 1 16 1 15 16
1 1 3 2 5 6 4 4 9 10 7 11 11 1 6 5 15 5 18
1 1 1 2 3 3 5 7 9 7 2 2 7 13 8 10 13 5 1
1 1 2 4 2 6 2 2 5 4 3 11 7 10 7 5 10 8 17
1 1 3 3 5 6 7 5 2 2 3 1 10 9 8 7 2 7 14
1 1 2 3 4 2 3 6 1 10 6 10 4 2 6 9 15 11 4
1 1 3 3 2 5 7 3 9 4 9 9 6 7 13 10 12 11 1
1 1 1 3 5 5 4 7 7 9 2 6 4 14 7 10 7 12 18
1 1 1 3 2 1 4 5 5 2 5 4 12 8 8 11 15 9 5
1 2 1 2 4 3 4 6 9 6 10 1 11 10 3 13 13 10 4
1 2 1 1 2 2 4 1 9 4 4 2 2 3 7 7 15 11 19
1 1 3 1 4 3 2 8 1 1 8 10 9 4 10 5 7 7 2
1 2 3 2 3 4 2 2 3 1 9 12 4 8 10 6 1 4 14
1 2 3 2 1 4 4 6 5 6 9 5 1 8 14 8 17 14 13
1 1 2 2 1 1 5 8 4 1 1 5 13 2 15 13 5 12 12
1 1 3 3 5 3 3 6 9 10 2 9 9 7 7 5 5 17 17
1 1 1 1 5 3 3 1 6 6 10 12 4 10 7 10 1 11 15
1 2 3 2 1 5 1 4 8 4 6 4 3 12 7 11 4 15 9
1 2 2 3 3 6 6 6 5 2 7 8 1 9 5 16 1 4 1
1 2 1 3 3 6 2 3 7 4 2 12 7 13 11 6 17 11 1
1 1 3 2 2 2 3 3 5 10 9 3 11 12 12 6 13 11 14
1 1 2 1 4 4 6 8 4 8 4 2 9 1 11 2 5 6 8
1 2 3 2 2 5 6 4 6 5 9 3 13 10 11 15 10 6 11
1 1 2 3 3 1 5 7 5 8 2 5 12 9 11 8 6 8 6
1 1 3 1 5 5 6 5 5 6 3 2 2 12 9 7 13 2 15
1 2 3 4 4 6 4 3 7 5 4 12 12 10 14 1 6 4 17
1 1 3 3 3 1 2 6 1 7 8 9 7 4 4 6 11 1 9
1 2 2 2 2 5 5 6 4 6 1 11 3 7 4 9 13 17 6
1 1 2 3 3 4 7 5 2 3 3 5 3 8 7 1 2 17 5
1 1 2 1 1 3 7 8 4 7 2 6 12 12 13 6 13 11 18
1 2 1 2 1 1 5 7 3 8 11 5 7 14 5 12 4 1 9
1 1 2 1 5 6 6 6 3 10 1 9 10 14 6 8 14 13 11
1 2 2 4 1 4 6 7 2 8 7 3 13 3 11 5 4 16 2
1 1 1 4 5 3 5 5 2 6 10 2 5 14 9 8 13 4 9
1 1 3 1 3 1 4 1 1 9 2 4 2 11 2 16 7 11 19
1 2 2 3 4 3 5 3 7 7 8 11 3 2 10 10 10 6 10
1 2 1 2 3 4 7 1 9 9 9 6 7 3 3 15 8 6 3
1 2 2 1 4 6 2 3 4 7 4 5 6 7 1 11 1 9 5
1 2 1 2 1 1 3 4 3 7 5 5 6 14 13 14 14 4 12
1 2 1 4 3 4 4 3 1 5 5 6 6 1 9 11 7 1 12
1 1 3 1 1 2 1 8 1 7 3 3 2 13 10 5 14 8 17
1 1 3 3 3 6 7 2 7 1 10 8 6 9 2 12 13 8 11
1 2 1 2 2 4 4 2 5 8 1 7 4 13 6 8 7 14 3
1 2 3 2 5 3 6 8 1 9 3 10 4 3 11 11 8 10 9
1 1 2 4 5 5 6 7 1 9 6 10 13 7 3 15 1 14 7
1 1 1 4 4 2 6 7 8 1 4 2 7 11 9 5 6 14 18
1 1 3 4 3 4 6 2 9 5 4 4 12 3 15 14 6 9 16
1 2 3 3 1 5 7 4 8 3 5 12 11 6 8 13 5 2 13
1 2 1 3 4 6 6 2 3 4 10 3 5 11 1 6 12 6 3
1 2 1 1 2 2 1 5 7 6 3 12 6 10 4 13 2 13 14
1 1 2 2 3 3 3 7 8 3 8 7 13 8 5 13 12 16 10
1 1 2 2 3 4 2 7 8 4 11 2 8 1 9 12 3 4 10
1 2 1 4 4 2 4 7 9 2 1 3 7 9 9 3 13 3 1
1 1 3 2 3 2 3 6 7 3 9 8 3 3 10 13 4 13 6
1 1 2 2 5 6 1 8 7 10 2 8 1 13 2 9 12 13 5
1 1 2 2 3 1 5 3 9 10 6 6 7 8 5 6 13 3 15
1 1 3 3 3 5 5 7 8 9 7 8 3 9 10 3 17 2 6
1 1 2 3 1 1 7 3 2 1 1 2 6 14 11 16 10 13 17
1 2 3 4 2 3 6 1 6 2 3 4 7 6 14 15 14 8 5
1 1 2 3 5 6 4 7 2 1 8 4 5 14 13 3 5 13 4
1 2 1 1 1 6 5 4 7 7 7 6 2 10 10 10 15 9 14
1 2 2 4 5 6 2 2 6 6 5 3 3 3 12 5 6 18 15
1 1 1 4 5 1 5 6 2 10 11 5 7 4 3 12 10 8 15
1 2 2 2 1 5 6 7 5 2 4 4 11 11 3 16 5 1 14
1 2 1 3 2 2 6 8 3 7 1 3 4 6 6 5 7 1 12
1 1 1 3 1 1 7 6 3 9 10 2 9 4 2 13 2 1 10
1 1 3 4 2 4 1 3 3 10 2 7 9 12 11 7 14 2 18
1 2 1 3 4 5 7 5 2 7 11 11 11 1 13 9 6 6 12
1 2 1 3 5 1 5 3 8 2 1 8 3 12 5 5 10 16 10
1 2 3 4 3 2 2 5 4 7 6 12 13 9 7 7 7 10 13
1 2 2 2 4 1 3 4 1 8 9 12 6 6 4 7 3 3 4
1 1 2 1 3 4 5 8 8 3 5 12 13 2 4 7 7 10 11
1 1 2 4 5 4 5 3 4 4 5 10 7 6 10 16 3 9 5
1 1 1 2 3 4 1 6 9 1 5 11 5 11 15 15 6 15 9
1 2 3 1 4 3 5 3 4 5 7 1 3 9 8 1 9 13 18
1 2 1 1 3 3 7 1 6 2 4 12 12 10 10 2 17 17 9
1 1 3 2 1 4 1 5 2 6 2 1 12 6 13 16 11 2 10
1 2 3 1 2 5 2 5 8 8 5 12 2 4 12 9 11 16 5
1 1 1 1 1 5 5 8 7 8 3 6 6 10 3 1 5 17 8
1 1 1 1 5 1 1 6 6 9 2 10 5 3 7 1 8 6 12
1 2 1 2 3 5 5 8 9 8 6 6 2 4 12 9 8 7 19
1 1 2 2 1 6 6 6 3 8 4 9 2 12 4 7 8 17 12
1 1 2 2 3 4 4 6 3 10 10 7 8 14 3 12 13 12 7
1 2 3 3 1 3 7 4 6 2 4 9 6 1 8 13 9 13 9
1 1 1 2 4 2 6 6 2 9 3 6 5 4 12 16 2 6 8
1 2 2 2 2 6 5 6 8 5 8 9 4 10 6 1 16 3 3
1 2 1 4 2 4 4 1 2 8 4 3 1 9 13 1 15 2 13
1 1 1 2 1 1 2 3 3 4 2 10 10 12 10 16 6 5 12
1 1 2 2 5 1 1 3 6 7 11 6 7 6 2 4 14 18 5
1 1 3 4 5 3 7 8 3 8 1 11 1 10 11 13 7 9 8
1 2 1 1 2 6 3 8 8 8 5 2 12 3 7 3 3 12 16
1 2 1 2 2 5 2 2 2 10 9 10 7 2 2 4 1 18 12
1 2 2 2 3 5 7 8 8 3 11 12 12 14 13 15 13 5 1
1 2 3 2 4 4 1 2 5 6 2 5 2 8 4 16 3 18 9
1 2 1 3 4 3 3 1 2 7 10 10 11 14 8 11 14 17 6
1 1 3 3 5 2 4 5 5 8 6 4 5 14 5 4 2 6 18
1 2 3 4 5 6 1 3 5 10 10 12 11 11 6 3 14 14 3
1 1 2 1 1 6 6 7 7 9 5 8 2 12 15 1 3 9 1
1 2 3 4 2 6 4 4 9 8 2 1 7 13 9 3 8 8 12
1 2 2 1 5 1 5 7 3 8 2 2 4 1 7 9 7 14 16
1 1 1 3 4 4 7 8 6 7 7 12 3 14 7 7 6 9 6
1 1 2 1 4 5 4 7 7 8 7 2 5 8 15 2 5 5 10
1 2 3 4 3 5 7 7 4 4 5 3 12 3 2 4 9 14 14
1 1 2 1 4 4 5 4 8 7 9 11 1 2 11 14 3 10 16
1 2 1 3 5 2 2 3 6 7 8 4 7 8 3 6 2 4 18
1 1 1 4 1 6 2 8 4 8 11 4 6 14 9 16 17 2 7
1 2 3 3 5 3 2 8 9 5 5 7 10 13 12 3 17 6 7
1 1 2 1 3 5 1 7 4 10 9 2 9 4 11 8 13 8 8
1 2 2 4 4 6 4 6 6 9 6 2 6 7 5 13 9 16 15
1 2 1 2 1 3 2 5 1 9 4 6 11 1 6 13 7 14 18
1 1 2 1 2 3 2 4 5 5 10 6 5 1 14 12 8 4 4
1 2 2 1 4 2 4 4 5 5 11 9 12 13 8 4 8 9 17
1 2 3 4 5 1 2 1 1 1 1 3 6 11 11 10 9 15 19
1 1 1 1 3 2 7 6 8 8 6 1 8 8 14 12 6 16 14
1 2 3 3 2 5 4 3 1 5 2 5 3 7 14 9 2 7 1
1 1 1 4 1 1 3 5 4 10 8 12 6 7 7 10 15 18 8
1 2 1 2 5 4 4 6 4 5 10 7 12 9 14 2 16 11 10
1 1 1 4 5 2 2 8 4 10 10 1 4 3 10 12 5 9 4
1 1 3 1 5 6 2 3 7 5 7 1 8 7 4 6 12 18 8
1 2 2 2 4 4 6 6 9 2 9 7 9 11 9 11 9 18 4
1 1 2 4 5 1 5 7 1 6 1 2 6 9 13 16 10 4 17
1 1 3 1 3 5 2 2 7 8 11 9 13 2 1 2 2 14 13
1 2 2 2 3 2 7 3 6 7 7 1 12 3 6 14 12 5 1
1 1 1 1 3 5 6 8 1 5 2 5 6 2 2 13 14 18 17
1 2 2 1 5 2 7 8 7 10 11 4 2 13 10 12 11 3 16
1 1 1 2 1 2 5 5 6 9 7 8 10 6 13 8 13 7 3
1 1 1 4 5 1 2 7 8 6 3 2 1 13 3 1 12 3 19
1 1 2 1 4 4 3 5 6 4 5 5 3 6 6 16 14 15 12
1 2 2 3 5 4 6 8 5 4 5 3 8 5 2 15 13 16 16
1 2 2 2 1 3 4 3 3 2 7 5 3 14 14 15 17 8 6
1 1 3 4 2 3 5 4 9 9 11 2 11 12 15 9 11 17 9
1 2 2 4 5 3 2 6 7 5 4 7 7 7 4 12 12 11 6
1 1 1 1 3 2 2 6 9 2 3 4 4 10 9 11 16 5 5
1 1 2 4 2 4 4 5 2 4 1 2 12 5 13 13 6 12 13
1 2 1 4 4 1 3 5 2 7 1 8 9 10 1 7 11 7 16
1 2 2 1 1 4 2 3 9 6 7 10 11 14 8 7 2 15 11
1 1 1 3 2 5 1 3 9 7 8 9 8 1 1 4 2 6 16
1 1 2 3 1 1 5 5 6 5 4 11 1 6 9 13 8 18 9
1 2 1 2 5 3 5 4 7 3 7 8 11 11 2 4 11 18 9
1 1 3 2 2 5 1 2 9 5 2 7 12 7 7 15 13 3 6
1 2 1 4 4 5 5 8 9 4 9 2 4 5 12 5 3 5 1
1 1 3 4 3 6 3 5 8 2 8 11 3 9 2 11 10 15 13
1 2 3 3 1 6 2 6 7 6 2 2 4 11 11 12 13 5 5
1 2 3 2 3 6 1 7 3 5 7 4 3 3 9 15 17 5 16
1 2 1 4 1 3 2 6 5 4 11 7 2 4 7 15 11 12 6
1 2 2 4 1 4 3 6 1 2 2 1 2 5 12 9 16 2 6
1 1 3 4 3 6 6 8 7 7 8 10 7 1 1 12 2 1 10
1 1 2 2 4 3 5 3 8 2 11 10 12 11 10 4 1 18 14
1 1 3 4 2 6 4 3 3 2 4 12 13 13 2 8 17 15 16
1 1 2 3 1 6 2 4 7 8 8 5 13 11 2 8 16 9 19
1 2 2 4 4 2 4 2 1 10 3 1 5 10 14 1 2 8 3
1 1 1 2 1 4 2 7 7 9 11 2 3 5 2 4 6 5 18
1 1 1 2 1 1 4 5 8 6 5 3 2 2 3 2 4 4 7
1 2 1 2 4 6 7 2 8 2 5 8 12 1 6 2 15 8 4
1 1 3 1 1 1 1 8 8 6 8 11 9 4 5 15 16 16 18
1 2 3 2 5 2 7 7 7 7 8 3 9 12 8 9 14 3 8
1 2 3 1 1 3 3 8 1 2 2 8 3 2 2 14 1 4 9
1 2 1 1 5 1 4 7 7 10 9 8 13 7 13 16 3 7 8
1 1 1 1 3 2 5 5 6 1 3 7 3 11 14 13 9 6 2
1 2 1 2 4 1 4 6 7 2 9 8 1 2 4 4 14 5 1
1 2 3 4 4 5 2 3 8 7 3 12 4 1 5 9 6 6 10
1 1 3 1 2 4 1 7 1 4 4 9 11 11 14 11 12 13 7
1 1 3 2 5 4 2 1 1 8 8 11 2 10 3 6 2 8 11
1 2 3 2 2 1 7 7 9 5 6 8 1 12 6 11 17 10 19
1 2 2 4 2 4 6 4 1 4 1 1 2 12 5 16 1 10 16
1 1 1 1 1 1 5 7 6 9 1 11 11 8 4 5 13 16 1
1 2 2 1 2 5 1 6 3 2 11 11 2 10 8 10 6 13 7
1 2 1 4 2 5 2 4 2 5 11 8 9 7 11 12 15 4 1
1 2 1 2 5 4 5 5 3 10 4 4 3 13 10 13 6 10 9
1 1 1 1 4 6 1 4 2 5 8 8 11 9 14 14 7 5 9
1 1 2 2 3 5 5 3 8 1 2 9 7 7 6 6 4 4 16
1 2 2 3 1 5 4 5 7 9 10 3 10 11 7 12 13 1 8
1 2 1 2 4 6 5 3 7 6 5 1 3 14 6 1 15 8 15
1 1 2 3 3 3 6 5 8 7 7 8 3 3 3 4 16 17 3
1 2 3 4 2 2 3 8 6 3 8 11 4 9 3 12 9 11 13
1 2 2 3 3 6 1 7 9 9 11 4 7 10 7 14 13 18 18
1 1 3 2 2 3 4 1 3 7 11 8 9 4 7 10 4 8 8
1 2 3 4 3 5 4 6 8 6 9 5 12 10 9 15 9 17 8
1 2 3 1 2 6 5 5 5 8 10 4 9 5 8 5 2 10 14
1 2 1 1 5 5 7 4 6 7 5 12 9 8 7 16 10 16 17
1 1 2 2 3 6 6 7 2 1 2 10 2 5 9 7 17 11 11
1 2 2 3 3 1 4 1 2 5 9 7 6 6 8 2 15 10 12
1 2 3 1 1 4 2 5 7 9 11 4 1 5 11 13 9 1 12
1 1 1 2 4 4 2 3 1 3 11 10 9 12 3 5 17 12 16
1 1 3 2 3 1 2 2 9 2 11 11 5 7 11 9 5 5 17
1 1 2 4 2 1 1 1 4 5 10 1 10 3 13 3 17 18 9
1 1 3 2 4 6 3 1 9 8 10 4 10 13 15 14 12 1 17
1 1 2 4 1 6 7 3 9 7 7 2 13 5 9 4 5 4 8
1 1 2 1 3 5 4 8 4 8 11 4 8 10 4 15 13 9 9
1 1 1 2 5 2 2 1 6 9 8 2 12 1 12 13 6 14 6
1 1 3 4 2 6 2 3 7 10 5 9 4 5 13 1 12 13 3
1 2 1 1 1 2 5 8 5 1 1 8 4 11 5 2 7 8 16
1 2 1 1 1 6 5 2 6 1 3 10 5 10 13 8 11 15 5
1 2 3 4 5 6 1 5 6 9 7 5 3 11 4 10 4 17 15
1 1 2 1 3 3 3 8 1 2 8 6 13 2 7 14 9 15 13
1 1 3 3 3 3 4 8 7 6 5 8 12 4 8 10 5 13 15
1 2 2 2 2 3 3 5 7 6 11 8 7 11 5 9 11 18 10
1 2 2 1 4 5 1 5 1 4 5 5 8 8 8 1 12 5 3
1 1 3 1 3 2 6 7 4 9 6 11 4 4 1 10 8 15 18
1 1 3 4 5 2 2 8 8 10 1 5 3 14 15 7 12 11 11
1 1 3 3 5 2 3 7 3 2 3 12 12 8 5 13 7 12 15
1 1 2 3 3 3 1 2 2 7 3 8 6 10 5 1 9 1 16
1 1 2 4 1 6 2 8 1 1 5 10 11 12 14 3 3 9 19
1 1 3 2 1 5 7 7 6 10 8 12 3 12 13 11 11 3 19
1 2 2 1 4 4 2 3 6 4 8 4 3 13 8 5 1 17 5
1 2 3 4 2 1 6 3 2 4 1 3 9 11 3 6 3 1 13
1 2 3 4 4 6 4 6 9 4 10 4 5 3 6 16 7 3 16
1 2 3 2 3 4 1 7 6 6 3 3 7 12 11 3 12 15 16
1 1 2 3 3 5 4 3 4 8 8 8 2 4 15 6 6 6 13
1 1 3 1 4 1 5 6 6 8 8 5 2 7 5 2 15 5 12
1 2 1 2 3 4 3 6 9 5 2 12 2 9 7 8 12 7 13
1 1 1 1 5 3 7 4 3 10 4 4 1 8 11 5 13 10 1
1 1 1 1 5 6 6 2 4 6 8 7 8 1 6 12 8 7 5
1 2 2 2 3 5 4 6 4 1 1 6 8 3 14 10 6 14 11
1 2 3 2 2 1 3 4 3 10 10 8 2 7 2 2 8 7 13
1 2 1 4 3 1 5 7 7 6 8 8 8 5 4 4 7 3 10
1 2 3 4 1 4 1 7 7 1 11 1 2 13 11 10 3 1 14
1 2 3 3 1 4 1 4 6 2 7 4 13 7 6 14 8 12 5
1 1 2 4 2 6 2 8 6 6 4 12 2 3 6 5 17 4 17
1 2 1 1 4 2 3 5 9 8 3 3 7 8 13 11 16 11 16
1 2 1 3 4 3 5 4 7 6 11 8 13 10 14 1 2 11 4
1 1 1 4 2 6 6 3 2 4 10 9 2 10 14 8 4 16 14
1 1 2 3 2 6 1 6 6 6 4 9 1 7 2 4 3 4 10
1 1 2 1 1 4 4 4 4 9 2 7 7 8 2 8 6 12 16
1 1 3 2 3 1 4 8 8 6 6 4 12 2 13 15 10 2 17
1 1 3 4 1 6 3 6 7 5 11 4 3 6 12 6 1 2 10
1 2 2 1 5 6 6 3 8 8 8 7 5 12 1 4 15 11 13
1 1 2 2 5 4 4 4 1 8 8 2 3 7 1 14 5 2 3
1 1 2 4 4 6 6 7 3 4 9 2 10 5 1 15 2 13 13
1 1 2 2 3 6 7 8 4 4 8 12 12 13 14 15 10 18 14
1 2 1 3 3 2 4 7 7 4 10 8 1 5 6 3 1 5 18
1 2 2 1 3 4 7 5 5 9 11 12 4 5 15 11 11 16 4
1 1 3 1 4 5 6 6 6 6 9 11 8 13 9 6 8 17 2
1 1 3 4 4 6 5 6 7 4 11 3 3 8 12 6 15 5 3
1 1 1 4 2 1 1 4 4 3 10 6 12 4 12 1 2 3 10
1 1 3 1 4 3 5 7 8 4 5 3 8 12 14 16 15 8 1
1 2 3 4 5 4 2 6 8 8 6 7 9 4 15 10 6 6 18
1 1 3 1 1 5 3 7 4 3 11 1 8 10 10 12 13 4 2
1 1 2 4 5 4 3 8 1 8 7 9 10 11 2 13 16 7 12
1 2 2 1 4 4 2 6 1 2 10 5 2 10 7 6 12 2 15
1 1 2 3 4 2 7 8 9 4 5 7 4 10 4 5 7 10 18
1 1 1 4 4 6 3 4 4 5 3 1 11 13 8 6 14 18 2
1 2 1 3 2 6 6 1 8 1 2 8 8 1 7 4 15 14 15
1 2 1 4 4 5 5 2 7 10 9 10 10 7 7 15 1 5 5
1 2 3 2 1 4 3 3 1 7 4 8 11 14 6 13 6 3 6
1 2 3 4 3 4 5 7 4 7 11 1 5 6 7 8 11 4 11
1 1 2 4 2 3 7 5 3 7 1 10 13 11 14 12 13 9 1
1 2 3 3 2 3 6 6 9 4 3 8 11 7 3 15 7 5 16
1 1 1 2 3 4 4 5 5 3 4 9 11 4 12 14 2 13 7
1 2 2 4 2 2 5 7 2 8 5 7 6 10 1 10 13 16 9
1 2 2 1 5 6 7 6 3 6 3 7 10 12 6 11 13 18 18
1 2 3 3 3 3 3 1 7 1 10 12 6 8 8 13 14 4 8
1 1 3 3 5 2 7 8 6 7 10 10 11 7 14 7 10 8 15
1 1 3 4 4 4 5 2 7 10 9 1 9 5 3 5 5 10 14
1 2 3 4 5 5 3 3 1 6 6 3 8 9 8 16 4 1 7
1 1 1 3 2 1 2 2 9 8 3 4 9 7 13 8 7 4 15
1 2 2 1 4 4 5 4 9 5 10 8 6 6 15 14 8 13 18
1 1 2 4 5 2 1 1 6 9 1 8 4 11 11 5 4 3 10
1 1 2 2 3 2 3 8 5 7 6 1 3 8 6 16 16 6 11
1 1 3 4 4 2 7 8 1 6 5 6 10 14 12 4 5 17 16
1 2 2 1 2 2 1 3 4 2 4 10 8 5 3 13 1 2 16
1 1 2 4 3 3 3 7 6 9 8 2 7 1 11 14 4 2 12
1 2 2 3 3 1 1 6 9 5 5 12 3 9 14 16 12 11 7
1 2 3 2 2 4 3 5 8 10 7 1 4 8 10 6 15 10 15
1 1 2 2 1 5 6 6 8 4 9 9 8 3 3 15 15 8 18
1 1 1 4 1 5 1 4 8 2 2 7 7 3 7 5 7 2 3
1 2 2 1 2 4 1 6 4 1 3 8 8 12 15 10 9 4 2
1 2 1 1 5 3 6 8 3 6 2 2 4 4 11 6 7 5 14
1 2 2 2 2 5 5 7 9 5 8 7 10 13 1 1 5 11 14
1 1 2 3 4 3 7 8 9 7 1 6 2 8 10 14 9 7 16
1 2 1 4 4 3 7 7 1 5 1 5 3 9 13 7 1 5 10
1 1 3 1 1 1 7 3 9 8 1 8 8 13 5 2 16 18 8
1 1 1 1 1 1 4 1 3 5 4 1 1 14 12 6 1 15 1
1 2 1 2 4 4 2 4 5 6 2 7 4 6 5 13 13 11 1
1 1 2 1 4 2 2 6 9 9 8 3 1 5 11 1 11 5 11
1 2 2 2 5 6 3 2 6 2 1 4 1 10 7 14 6 5 17
1 1 1 3 3 5 3 5 8 5 1 5 11 4 13 10 9 4 11
1 1 3 4 5 2 4 1 7 2 9 10 13 7 6 14 12 8 10
1 1 2 1 2 1 3 7 6 8 4 3 9 3 7 16 13 5 10
1 2 1 1 3 6 1 6 1 7 8 12 12 12 9 10 14 7 14
1 1 1 4 4 3 7 2 1 3 4 10 12 11 9 16 12 7 7
1 2 2 3 4 2 6 3 3 2 7 3 1 14 13 12 5 2 17
1 1 2 2 3 6 4 4 6 10 3 4 11 11 7 12 1 10 19
1 2 3 2 2 3 5 5 6 10 10 11 13 3 9 5 11 8 19
1 1 2 3 4 4 1 6 9 2 7 11 7 14 7 8 10 14 19
1 1 1 4 3 3 2 3 3 4 10 11 3 5 9 11 16 11 13
1 2 3 3 4 4 3 7 3 3 2 9 1 13 4 5 14 4 3
1 1 3 2 2 4 3 7 9 3 5 9 11 5 8 3 15 18 14
1 2 1 3 3 3 1 2 5 6 2 11 4 10 10 5 16 11 7
1 1 1 1 5 5 7 8 5 1 11 1 8 9 6 14 4 17 16
1 1 3 1 1 1 7 4 2 6 5 1 1 14 11 16 16 18 3
1 1 1 1 5 4 4 6 3 1 8 7 9 4 6 3 14 8 3
1 2 2 2 4 4 1 5 9 8 9 1 1 8 3 3 4 12 17
1 2 2 1 1 1 1 4 1 7 4 4 4 2 5 11 5 5 18
1 2 2 4 3 1 5 3 1 5 6 6 8 11 8 8 10 1 17
1 2 2 1 4 3 3 6 1 5 2 11 8 5 8 8 5 9 5
1 2 3 3 2 1 7 1 6 1 7 2 2 2 5 12 17 12 7
1 2 2 4 4 2 7 2 8 8 8 2 13 1 9 12 1 14 4
1 1 2 4 4 5 3 3 2 6 5 1 8 12 2 6 10 17 15
1 2 3 1 3 2 6 8 9 4 2 3 8 2 9 10 13 17 12
1 2 2 2 3 3 1 4 2 10 5 3 12 10 11 8 8 6 18
1 2 1 4 4 5 2 3 6 5 11 3 4 14 6 2 3 17 9
1 2 1 2 3 5 2 6 8 9 3 5 2 13 8 10 13 2 15
1 1 3 2 2 4 3 6 9 1 4 2 9 13 9 15 5 5 12
1 2 2 2 4 1 1 8 7 8 1 12 13 13 10 11 8 16 16
1 1 1 1 5 5 3 4 2 6 7 7 9 5 14 11 12 13 3
1 1 3 4 3 6 7 2 2 10 6 5 3 7 5 1 2 2 8
1 2 2 1 5 4 4 2 1 1 4 12 7 7 13 16 5 15 16
1 2 1 4 4 2 3 1 3 4 11 11 8 11 7 9 6 7 10
1 2 3 3 4 1 7 1 2 7 2 11 10 5 5 15 17 13 18
1 2 1 2 3 5 1 2 8 3 9 10 13 3 13 15 4 3 19
1 1 2 1 2 2 1 6 2 9 5 1 1 10 9 7 9 13 9
1 2 3 4 1 5 5 6 7 7 2 8 1 7 11 9 6 5 2
1 2 1 3 1 1 6 7 1 6 2 3 9 6 3 4 7 17 12
1 1 2 3 3 5 3 8 2 9 7 11 2 10 3 8 13 3 10
1 2 3 1 5 1 5 6 5 10 11 9 5 13 15 15 11 16 15
1 1 2 4 1 2 7 5 2 2 7 1 8 11 14 8 2 10 5
1 2 3 2 5 4 1 5 2 2 7 11 3 3 13 9 15 12 14
1 2 1 4 5 6 6 2 3 2 2 8 9 4 11 1 6 18 13
1 1 3 1 2 3 2 6 8 8 4 2 12 3 12 6 17 1 13
1 1 2 1 5 2 4 5 4 1 6 6 7 1 6 11 11 11 13
1 1 2 1 4 4 6 3 8 8 10 5 6 12 10 15 17 14 5
1 2 3 2 1 3 6 4 1 7 10 1 7 8 8 7 1 2 12
1 2 1 4 5 4 1 2 1 7 2 8 5 11 8 4 16 7 18
1 1 3 2 3 6 7 7 4 8 9 1 8 5 13 3 13 12 15
1 2 3 4 4 2 2 6 6 4 10 10 8 5 4 3 5 6 10
1 2 1 2 5 5 6 4 7 7 2 10 7 11 3 14 10 4 19
1 2 2 2 5 5 4 2 9 10 4 3 11 14 4 10 11 1 15
1 2 3 3 4 2 6 6 3 1 4 1 3 1 15 8 14 11 11
1 1 1 2 1 5 2 4 7 8 9 1 3 3 13 11 9 10 8
1 2 2 1 5 4 4 1 6 10 5 12 5 13 13 8 11 12 9
1 2 2 3 5 6 6 6 8 5 9 8 8 10 8 12 10 15 11
1 2 1 4 5 1 6 8 6 4 7 10 10 9 9 2 8 16 1
1 2 2 3 1 5 7 6 2 10 11 3 2 3 7 8 12 8 4
1 1 2 2 2 6 1 1 6 3 6 2 6 9 1 10 10 15 4
1 2 3 3 4 3 4 3 2 4 7 4 4 5 13 13 5 5 16
1 1 3 4 3 4 6 7 2 10 8 2 8 2 11 7 13 12 5
1 1 3 1 2 1 4 4 6 9 11 9 10 14 5 12 16 10 16
1 1 2 3 5 5 6 5 4 6 7 1 8 1 13 2 2 1 8
1 1 3 3 5 5 2 5 3 5 7 1 1 2 13 1 8 14 6
1 2 2 1 1 3 7 2 8 7 10 4 2 5 9 3 16 17 9
1 1 1 2 1 2 7 5 4 6 10 6 3 11 6 8 5 2 1
1 1 3 4 5 5 3 7 1 8 7 3 3 12 6 5 14 7 1
1 2 1 2 5 5 2 6 7 1 9 8 5 2 8 6 5 1 10
1 1 1 2 1 4 7 7 8 6 8 2 8 4 15 16 13 1 2
1 2 2 2 1 1 5 4 3 7 11 4 4 13 8 7 17 15 5
1 1 2 4 3 5 7 8 2 5 4 10 4 10 14 15 11 9 2
1 2 2 3 3 3 4 6 6 3 7 4 11 1 6 3 2 7 10
1 2 3 3 1 1 3 8 8 9 2 7 11 13 6 13 10 15 17
1 1 3 2 5 5 5 8 1 6 7 6 8 7 5 10 16 6 19
1 2 2 2 4 1 6 6 5 2 5 5 11 12 12 11 2 14 1
1 1 3 3 2 6 6 3 7 5 1 5 12 7 7 6 7 9 10
1 2 2 3 4 4 6 6 1 1 9 11 5 6 3 16 3 14 10
1 2 3 2 3 3 7 1 9 1 3 2 1 9 4 7 15 12 4
1 2 3 1 1 3 4 2 5 7 7 3 7 5 12 14 7 17 11
1 1 2 3 1 1 2 1 7 8 7 8 9 11 15 2 7 9 16
1 2 1 4 3 2 4 6 6 6 11 12 4 12 11 2 5 13 2
1 1 2 2 1 4 6 8 2 8 2 12 3 6 10 3 10 18 3
1 2 3 4 5 4 1 6 3 1 11 1 4 3 10 6 14 3 14
1 1 3 1 1 1 6 4 4 4 5 4 8 13 8 6 12 8 14
1 1 2 3 2 2 2 3 3 1 5 12 7 14 9 7 14 17 4
1 1 3 3 1 1 6 4 6 2 8 3 3 1 15 11 4 18 3
1 2 3 2 1 5 7 7 4 6 3 1 9 4 9 5 1 5 12
1 1 1 4 5 5 4 6 8 8 2 6 5 1 15 16 11 13 1
1 2 2 2 5 3 6 6 1 9 9 1 11 6 15 7 10 16 9
1 2 2 3 1 4 6 4 6 9 1 3 7 10 5 10 4 7 12
1 2 1 1 1 5 5 5 5 1 8 1 10 3 8 16 8 13 7
1 1 1 4 1 1 6 1 4 7 4 11 2 4 15 8 9 12 10
1 2 1 2 3 4 6 2 1 1 2 5 2 8 2 9 1 11 1
1 1 2 3 5 5 3 5 5 9 9 1 9 10 11 1 8 18 16
1 2 3 1 5 6 6 3 8 10 6 5 1 2 9 5 8 15 15
1 1 2 1 2 1 2 1 2 1 10 2 2 3 2 6 6 13 8
1 1 1 4 1 6 5 6 1 2 5 1 9 9 7 12 10 14 5
1 1 3 4 5 1 6 5 5 9 11 10 6 9 6 15 7 15 13
1 1 2 1 2 3 3 4 2 9 6 2 2 6 3 9 4 16 3
1 1 1 4 2 4 4 4 3 3 1 12 1 9 6 6 5 18 8
1 2 3 4 1 5 6 3 6 3 11 5 4 2 11 11 7 18 8
1 1 2 4 3 2 4 3 7 3 4 6 2 7 1 5 1 14 3
1 2 2 4 1 5 1 2 8 1 11 11 2 3 14 8 7 15 11
1 1 2 3 5 4 7 2 1 4 6 7 9 10 1 14 16 3 9
1 1 2 3 5 5 3 8 4 8 11 12 5 8 12 16 14 6 16
1 2 1 4 1 4 7 1 7 5 7 7 6 7 13 2 2 16 14
1 2 2 2 4 3 2 6 9 4 2 12 8 3 6 10 15 14 4
1 1 3 1 3 3 4 5 3 8 7 4 10 2 10 10 1 10 4
1 2 2 2 3 5 6 2 1 10 6 8 3 10 9 3 15 17 19
1 1 1 3 1 5 7 4 1 6 2 6 9 12 10 6 16 9 6
1 2 3 4 3 4 1 2 8 9 6 6 5 5 9 8 6 14 8
1 1 1 1 3 5 4 7 7 9 9 6 5 1 15 13 5 12 3
1 2 2 1 3 4 7 4 5 7 11 1 6 1 4 12 6 2 3
1 1 1 3 3 2 1 3 3 6 2 10 6 7 14 16 6 16 14
1 1 1 2 3 4 1 2 9 1 1 9 11 4 5 5 7 13 5
1 1 2 4 4 3 3 6 5 8 2 5 10 5 9 8 2 13 8
1 1 2 2 4 5 3 4 5 4 8 10 5 8 3 7 12 1 6
1 2 3 4 1 2 1 5 9 2 4 6 12 2 7 4 15 8 16
1 2 3 2 3 6 7 5 9 10 11 9 4 4 6 2 15 5 6
1 2 3 3 1 1 6 8 9 6 9 4 10 11 2 13 15 2 17
1 1 2 2 2 3 4 3 2 3 2 12 5 13 8 15 7 15 10
1 2 1 4 4 1 2 5 3 8 4 7 5 7 1 16 6 6 16
1 1 3 4 2 2 2 2 5 2 3 5 2 12 6 8 8 9 14
1 1 1 2 5 2 6 2 8 7 2 3 5 6 13 4 1 8 19
1 1 2 4 1 5 4 5 9 2 6 12 4 1 1 3 11 5 9
1 2 2 4 2 1 6 8 6 6 3 4 3 4 1 12 14 8 10
1 1 2 4 5 2 2 7 8 9 6 2 6 3 12 5 6 16 6
1 1 1 4 2 2 5 6 3 7 8 8 4 14 7 2 1 7 15
1 1 3 3 1 1 6 4 6 6 5 3 10 10 4 15 1 2 19
1 1 2 2 3 4 5 6 9 1 5 11 6 7 5 8 13 11 10
1 1 1 4 4 2 2 5 8 3 5 2 1 5 6 6 4 15 13
1 1 1 2 5 1 2 2 8 5 3 2 8 3 15 16 15 13 16
1 2 3 3 4 6 6 3 3 4 7 5 7 11 8 10 8 5 12
1 1 1 2 4 3 2 4 7 7 5 9 12 12 15 7 7 7 16
1 2 1 2 4 4 3 1 8 6 8 4 2 9 8 7 15 7 10
1 1 3 1 4 2 5 8 9 8 3 8 6 5 12 6 1 10 7
1 1 3 3 2 3 3 6 9 9 10 4 6 4 8 2 10 13 18
1 1 2 2 4 6 5 4 2 4 5 1 6 9 10 6 11 6 8
1 2 3 3 4 6 7 4 2 5 3 12 10 11 3 16 16 13 2
1 2 2 1 3 3 5 8 3 8 1 3 5 2 8 2 10 1 12
1 1 2 2 5 6 5 1 3 4 6 7 12 9 7 8 6 16 1
1 1 1 1 5 5 6 8 8 8 2 1 8 9 8 16 14 15 19
1 1 1 2 3 6 3 3 9 8 5 11 13 12 10 16 5 14 9
1 1 3 2 2 4 2 1 4 1 1 12 6 8 15 7 12 8 18
1 1 3 1 4 1 1 2 1 6 5 8 2 14 11 7 6 13 16
1 1 1 3 1 4 7 2 2 2 9 8 7 12 1 6 12 12 5
1 2 1 4 2 2 5 1 6 4 9 9 11 7 6 1 3 2 12
1 2 1 3 4 2 7 5 4 1 1 6 1 11 6 14 15 3 16
1 2 2 2 2 3 7 4 2 10 5 12 5 6 13 15 8 7 11
1 2 3 3 3 6 4 6 2 7 1 7 7 3 13 11 14 15 7
1 1 1 2 3 3 5 3 3 6 9 11 9 5 14 12 14 14 5
1 2 3 2 3 4 4 8 3 5 11 7 12 6 12 7 16 4 19
1 1 3 2 2 1 4 6 2 10 1 9 6 5 14 3 12 13 11
1 1 1 4 5 4 5 8 9 7 6 5 7 1 10 10 11 9 4
1 2 2 2 5 1 1 3 6 7 9 5 10 9 3 5 17 8 18
1 2 1 1 4 6 6 3 7 8 10 11 13 6 9 11 6 10 3
1 2 3 4 4 4 5 1 8 6 1 2 5 7 7 2 9 4 18
1 1 3 1 2 6 5 5 8 5 3 3 2 10 6 2 1 12 19
1 1 1 4 3 4 6 7 8 9 1 9 6 12 1 6 9 8 4
1 1 3 3 5 2 6 8 3 5 5 9 6 10 5 12 4 7 13
1 2 2 3 1 4 5 3 8 9 4 9 8 13 8 13 16 3 11
1 1 3 2 3 1 3 8 7 6 7 4 9 6 3 4 12 17 2
1 2 3 3 4 4 2 7 9 6 10 1 12 1 3 16 2 1 18
1 1 2 3 3 3 6 7 4 2 5 4 7 12 9 1 12 1 5
1 1 3 4 2 4 2 7 3 7 8 1 1 1 14 16 15 6 10
1 2 1 2 1 1 1 2 2 6 11 1 9 7 11 6 9 15 7
1 2 1 3 1 6 1 1 6 10 3 1 1 6 14 6 17 11 16
1 2 2 1 4 6 6 5 6 2 8 10 3 14 5 9 10 15 3
1 1 3 4 2 4 5 1 5 5 6 4 3 3 13 5 4 3 15
1 2 1 3 1 1 7 1 8 8 5 10 8 5 13 6 1 13 15
1 1 1 4 5 6 1 8 3 4 2 3 12 5 1 4 13 4 16
1 2 1 4 1 4 5 6 3 4 9 7 5 11 14 6 1 7 8
1 2 3 4 5 4 7 2 4 8 9 1 1 13 13 16 1 6 8
1 1 3 3 5 4 3 7 9 5 1 2 10 13 11 15 16 18 17
1 1 3 4 4 2 4 7 3 4 5 12 13 6 15 3 9 9 13
1 2 3 4 3 4 1 4 7 2 2 6 1 13 2 8 2 15 5
1 2 2 3 5 2 3 4 7 7 2 6 10 9 2 6 10 5 9
1 2 2 1 1 5 1 7 9 2 10 11 8 9 1 2 7 10 19
1 2 3 4 4 2 4 7 4 4 4 8 1 11 12 4 15 2 17
1 2 1 4 3 2 2 5 4 1 2 10 9 6 10 4 16 1 5
1 2 3 2 5 2 6 1 7 3 5 3 3 2 9 2 12 10 18
1 1 3 4 4 5 6 5 1 6 8 6 8 14 2 8 6 7 4
1 1 3 4 3 6 2 2 2 5 8 2 11 2 10 2 2 1 19
1 2 3 4 2 1 5 1 9 5 3 2 13 3 8 6 9 1 11
1 1 2 4 3 3 2 2 2 1 3 9 7 11 8 7 2 5 3
1 2 3 2 1 5 2 7 7 10 3 11 6 12 11 11 9 14 10
1 2 3 1 5 6 6 7 5 5 1 2 7 4 7 15 4 14 8
1 2 2 2 2 4 1 6 3 5 3 6 13 7 5 15 6 15 17
1 1 3 2 2 1 1 4 8 2 1 2 1 8 11 14 15 11 3
1 2 2 3 2 6 2 5 9 4 4 3 5 12 12 5 15 13 18
1 2 3 1 2 4 4 4 6 3 10 4 7 14 9 8 14 11 10
1 1 2 4 2 1 3 3 5 8 4 1 9 9 14 5 14 7 4
1 1 2 4 4 6 4 8 5 8 9 5 2 8 8 14 3 6 11
1 2 3 1 5 1 1 7 8 5 5 6 4 3 15 1 15 12 4
1 2 2 4 3 3 2 5 8 4 8 12 8 13 14 10 12 15 6
1 2 3 2 3 6 7 5 8 7 5 9 7 14 5 12 4 12 8
1 1 3 2 3 3 5 4 4 4 8 12 5 5 9 13 15 5 5
1 1 2 3 2 3 3 5 9 7 6 5 5 9 15 2 7 18 17
1 2 2 4 5 4 6 4 7 8 3 8 7 7 1 15 1 16 7
1 2 1 1 3 1 6 2 2 4 8 11 4 2 12 16 16 3 10
1 2 2 2 1 1 6 7 9 5 3 7 13 9 7 11 8 12 5
1 1 3 4 2 1 3 6 2 9 4 9 4 2 8 13 16 14 9
1 2 1 4 1 2 7 1 7 10 11 10 11 9 13 14 13 11 16
1 2 1 3 1 2 2 3 5 10 4 1 4 4 4 7 11 13 3
1 2 3 1 5 3 3 1 1 6 7 4 1 4 6 4 6 12 2
1 2 1 3 5 4 1 6 6 4 7 6 3 6 6 5 8 5 13
1 1 2 3 2 3 7 7 7 3 6 6 8 5 6 6 6 1 13
1 1 2 2 5 6 6 5 3 9 5 10 11 11 5 9 11 10 14
1 1 3 3 4 2 5 4 6 9 5 10 8 14 14 1 2 10 11
1 1 3 3 4 1 6 2 6 5 3 2 7 6 13 2 2 15 8
1 1 1 2 2 1 7 8 5 1 10 2 7 13 9 9 16 2 14
1 1 3 2 4 3 7 5 1 1 9 4 8 12 15 6 10 9 1
1 2 2 3 2 1 7 6 5 4 6 3 3 6 11 11 7 6 8
1 2 3 2 2 1 5 7 4 9 3 2 13 13 2 6 9 18 7
1 2 2 3 5 6 1 8 7 1 2 11 10 1 15 10 13 5 11
1 1 2 2 2 3 2 4 4 1 6 4 12 10 1 3 17 5 5
1 1 2 4 5 1 6 7 4 7 4 7 2 10 5 7 16 8 1
1 2 2 1 5 2 4 2 5 1 10 10 10 4 4 11 13 18 12
1 2 1 4 1 4 5 6 5 9 5 7 9 2 5 7 14 3 9
1 2 1 2 3 2 5 2 5 1 6 11 7 12 6 4 10 15 2
1 2 3 4 4 5 3 2 2 1 9 3 3 4 8 13 3 3 14
1 2 3 3 5 3 4 6 4 9 10 5 8 8 14 14 5 15 4
1 1 1 4 3 5 4 4 5 2 9 4 8 12 7 2 11 5 17
1 1 1 4 1 2 6 7 4 3 5 5 3 1 8 9 5 15 9
1 2 2 3 5 3 1 5 2 10 5 6 6 5 2 2 1 7 4
1 1 2 2 4 3 5 5 7 3 9 5 8 4 14 3 15 5 7
1 1 1 4 5 6 4 8 8 10 4 4 6 10 9 16 12 12 8
1 1 3 3 4 4 3 3 9 3 10 12 6 6 10 13 13 13 12
1 2 2 4 5 2 6 6 1 8 7 4 9 11 7 12 3 18 8
1 2 3 2 2 6 3 1 6 3 9 8 11 6 8 7 1 13 9
1 1 3 2 5 6 6 1 6 1 10 1 2 5 8 3 8 3 6
1 2 2 4 2 3 1 2 2 8 5 6 12 6 5 4 2 5 7
1 1 2 1 1 1 1 3 6 10 7 4 13 6 15 4 11 10 18
1 1 1 2 2 5 5 1 9 4 11 4 3 5 11 12 16 16 1
1 1 2 4 1 1 5 7 2 1 11 6 6 2 1 5 2 7 18
1 2 1 4 1 1 1 4 4 4 8 2 6 9 7 14 14 15 7
1 1 3 2 1 6 2 3 4 7 9 5 7 11 10 5 7 8 12
1 2 1 2 1 5 3 3 3 7 1 1 2 10 7 9 16 4 8
1 2 2 4 1 5 1 4 5 10 4 3 1 13 9 3 4 8 3
1 2 1 3 4 2 2 5 3 3 11 12 12 9 11 7 7 8 19
1 2 2 3 2 6 7 1 9 2 1 1 9 4 8 7 2 8 9
1 1 2 2 5 6 3 1 2 6 6 1 3 10 11 11 12 11 11
1 1 3 3 5 4 5 6 2 8 6 11 13 3 12 12 15 15 13
1 2 2 4 4 2 7 7 5 4 8 8 6 1 1 6 10 13 17
1 2 1 4 3 6 6 5 1 3 4 8 5 1 6 16 2 6 1
1 2 3 1 1 3 7 5 8 6 1 5 2 5 3 16 14 12 14
1 2 3 2 2 5 3 5 8 7 2 1 7 6 4 1 9 8 4
1 2 1 3 2 3 5 2 2 8 5 11 1 9 14 8 17 6 9
1 1 3 2 1 6 3 6 4 6 2 9 6 12 6 4 2 16 9
1 1 1 4 4 1 3 5 3 5 6 10 8 9 3 3 11 3 1
1 2 1 2 4 6 3 3 4 4 2 10 3 10 11 16 17 18 6
1 2 2 1 5 6 7 1 7 1 8 1 13 10 1 3 5 8 8
1 1 1 4 3 2 2 8 7 8 11 2 3 7 4 12 3 12 11
1 1 3 3 2 6 1 2 5 4 1 10 9 12 12 9 12 12 11
1 1 2 1 5 3 7 6 7 1 2 10 1 10 8 12 13 5 3
1 1 2 3 1 6 2 1 7 7 9 1 9 14 5 11 13 10 17
1 2 1 1 4 1 4 4 2 2 6 3 9 1 6 13 2 9 19
1 1 3 3 3 1 3 4 3 2 8 5 10 1 5 15 6 10 12
1 1 3 2 5 6 7 8 2 3 6 10 7 6 14 2 8 11 19
1 2 1 2 2 6 3 5 8 3 3 5 9 4 5 7 14 15 1
1 1 1 2 3 6 6 1 8 5 7 1 2 9 9 3 16 12 3
1 2 1 2 2 5 7 1 9 5 2 2 11 13 10 1 15 9 19
1 2 3 2 1 5 5 8 6 3 2 2 3 10 4 15 9 16 8
1 2 2 4 5 2 2 4 6 4 6 12 7 7 15 16 16 8 14
1 1 3 3 4 1 6 3 4 5 4 8 2 2 6 3 5 1 1
1 1 2 2 5 3 4 4 8 4 10 10 8 14 7 16 3 2 14
1 2 1 1 4 4 6 8 2 6 9 5 8 12 6 9 14 18 5
1 1 3 2 5 1 2 4 6 3 7 9 11 8 5 7 15 4 17
1 2 3 4 2 5 4 4 7 2 11 11 5 1 14 13 13 7 7
1 1 1 4 3 1 4 2 6 7 4 11 1 14 7 6 6 17 4
1 2 2 4 5 5 4 1 3 8 9 1 3 11 10 3 17 10 17
1 2 2 3 3 6 4 2 5 10 2 5 8 3 1 2 16 9 13
1 1 1 2 4 6 4 5 2 10 6 12 1 9 8 11 13 8 8
1 1 2 2 2 6 5 2 2 4 8 2 7 6 5 13 1 17 16
1 2 1 3 4 2 3 3 7 9 11 1 6 11 13 3 9 8 12
1 2 3 3 2 6 2 1 2 4 9 5 9 2 14 2 14 9 8
1 2 1 1 3 5 5 5 9 4 7 5 6 1 2 16 14 17 4
1 2 2 4 1 2 4 3 3 1 6 1 3 2 10 4 12 9 11
1 2 2 2 2 6 5 5 2 2 5 8 4 7 8 13 6 13 19
1 1 2 1 5 4 4 3 3 3 4 6 12 8 1 14 12 12 5
1 1 2 1 4 2 1 6 3 6 1 11 13 13 14 1 15 12 14
1 2 2 2 1 3 5 6 7 2 5 12 9 2 10 10 9 2 15
1 2 2 4 4 6 5 1 8 8 5 11 11 14 5 1 4 18 2
1 1 3 3 2 2 3 7 9 7 2 9 3 4 2 10 12 13 18
1 2 1 3 3 2 3 3 9 3 8 10 5 12 14 2 7 14 19
1 2 3 4 5 6 5 1 7 4 9 9 13 9 12 4 5 12 19
1 2 2 1 3 5 5 5 6 1 5 2 10 5 6 9 5 18 12
1 1 2 4 2 1 2 8 2 3 6 7 6 6 10 4 8 17 18
1 2 2 1 4 5 1 3 5 7 10 2 11 9 4 6 5 9 15
1 1 3 4 1 6 7 8 1 6 10 10 13 14 7 3 2 18 3
1 1 3 4 3 5 4 3 1 10 6 3 9 7 6 7 1 10 7
1 2 3 3 5 4 4 8 1 2 10 8 1 4 9 16 14 16 3
1 1 3 1 3 1 6 4 8 5 7 1 12 6 14 10 4 2 16
1 2 3 1 1 6 6 8 8 9 11 8 5 5 3 14 7 6 2
1 2 3 1 3 2 3 2 4 4 7 5 8 9 9 10 13 16 19
1 1 3 3 5 6 6 2 8 8 5 7 4 5 10 11 13 5 4
1 2 2 3 3 3 1 2 6 9 5 5 11 1 12 15 15 6 19
1 2 3 3 2 4 4 1 4 3 6 9 10 12 6 6 3 12 14
1 2 3 1 1 6 3 8 4 1 3 4 1 10 7 15 8 1 9
1 1 2 3 4 5 4 7 3 4 10 3 4 12 3 5 5 16 5
1 1 1 4 1 4 3 3 8 7 3 9 1 3 15 7 13 16 11
1 1 1 3 1 1 4 1 4 10 8 1 9 4 13 16 3 4 8
1 1 3 2 3 3 1 8 8 2 2 1 9 12 5 11 11 16 14
1 1 2 2 3 3 5 6 3 7 10 1 6 2 13 6 13 18 13
1 1 1 1 4 3 3 2 2 5 9 6 6 4 8 4 3 12 17
1 1 2 3 2 1 1 8 4 6 8 6 5 11 1 2 5 3 5
1 2 2 4 3 1 4 2 3 6 5 8 13 13 2 13 7 7 19
1 1 2 4 2 6 7 2 3 1 9 1 1 8 12 7 6 9 6
1 2 2 2 2 3 6 1 9 1 9 2 7 12 12 16 6 11 10
1 1 2 3 1 5 1 8 9 4 8 4 8 5 5 16 4 7 5
1 1 1 4 3 5 5 7 2 3 9 5 4 4 10 1 14 13 10
1 2 2 1 3 2 5 6 6 1 2 6 7 3 2 11 15 12 17
1 2 2 3 3 4 1 2 2 5 4 8 11 5 13 13 7 5 14
1 1 1 1 3 3 7 6 6 1 2 12 12 4 4 1 6 8 18
1 1 1 2 1 6 4 5 1 7 11 11 4 5 13 7 12 18 7
1 2 3 1 5 4 5 3 5 10 10 12 9 14 15 7 4 3 10
1 1 1 1 2 3 1 6 3 6 10 11 12 9 2 8 10 9 15
1 2 1 2 4 1 7 7 4 4 4 7 3 6 10 3 5 14 5
1 1 3 3 3 1 5 5 4 6 8 11 1 13 1 12 11 4 18
1 1 2 1 4 1 3 5 7 2 1 9 4 11 5 12 14 1 9
1 2 1 3 5 1 1 3 6 6 1 7 8 11 14 2 6 13 3
1 1 3 3 4 1 6 2 3 8 5 5 8 7 11 6 15 1 2
1 2 3 1 3 5 2 1 8 7 1 7 12 6 12 10 7 2 4
1 2 2 1 4 3 6 5 1 7 9 9 5 3 5 11 3 2 18
1 1 3 1 3 4 1 4 5 1 5 8 2 7 14 6 15 2 18
1 2 1 4 3 3 1 3 2 10 1 5 11 7 11 4 3 7 16
1 1 3 4 1 2 2 4 4 3 7 5 10 11 6 12 10 4 12
1 1 2 2 1 6 4 6 6 8 10 12 11 2 13 8 13 14 5
1 2 1 2 5 2 1 8 5 1 9 6 10 2 9 4 4 14 11
1 2 2 4 4 5 4 3 9 3 5 11 4 12 10 9 13 16 7
1 1 2 2 4 2 4 4 2 9 9 11 5 13 15 14 1 13 9
1 2 1 1 3 4 3 2 3 7 3 1 4 10 13 16 11 9 18
1 2 1 3 2 5 6 1 5 4 1 12 11 12 12 11 8 3 6
1 1 3 1 2 3 6 8 2 6 6 6 13 6 1 16 11 10 2
1 1 1 1 3 2 3 3 2 1 10 9 4 10 5 15 2 9 15
1 1 2 1 2 5 6 8 7 6 11 12 6 10 13 16 17 5 9
1 1 2 4 5 5 6 3 3 6 11 11 2 13 9 7 2 3 10
1 1 1 4 5 4 1 7 5 10 11 2 3 3 6 6 11 13 13
1 2 3 1 3 3 7 7 7 6 5 12 11 10 14 8 5 12 8
1 2 2 4 2 1 2 5 5 4 1 10 13 1 7 9 3 1 3
1 2 2 2 2 3 7 5 5 2 6 10 4 6 7 15 7 3 10
1 2 1 1 1 3 5 5 5 9 7 8 4 5 7 3 1 9 7
1 1 1 4 4 1 5 7 8 1 9 11 4 2 5 5 6 9 2
1 2 3 3 4 1 4 7 1 2 11 3 11 12 9 2 16 12 5
1 1 3 1 2 5 1 3 7 7 10 7 3 4 5 16 17 8 15
1 1 3 4 4 2 6 4 8 7 8 10 5 10 15 10 2 2 13
1 2 1 2 1 2 5 2 6 4 4 4 12 11 14 2 13 2 7
1 2 2 1 2 4 4 5 2 5 11 6 6 7 14 10 8 9 4
1 1 3 1 1 6 1 8 6 3 1 12 13 5 13 4 6 7 11
1 1 1 1 3 2 4 3 9 9 10 6 7 10 12 2 12 18 8
1 1 1 1 4 6 7 5 9 3 1 8 6 14 11 4 8 8 4
1 1 3 1 4 2 7 1 1 9 1 2 9 11 7 11 7 12 6
1 1 2 4 2 6 2 5 8 6 10 2 6 12 7 11 15 12 9
1 1 2 3 2 1 4 4 4 3 7 5 12 1 8 11 2 2 5
1 2 2 3 1 1 5 8 4 6 4 2 5 4 1 11 14 12 2
1 1 3 4 4 6 4 4 3 3 7 5 8 7 9 16 16 11 6
1 1 1 1 5 4 3 2 6 2 6 11 4 12 12 12 6 3 5
1 2 1 4 1 4 1 5 1 1 10 5 3 4 9 3 13 5 11
1 1 2 4 1 4 4 8 3 8 11 7 5 13 5 5 16 3 12
1 2 1 3 5 6 5 8 6 7 10 7 4 10 3 1 12 5 8
1 2 3 1 3 5 5 2 6 6 4 6 10 10 12 1 5 8 10
1 2 1 3 4 3 5 4 3 3 2 2 4 4 10 4 1 13 2
1 1 3 1 2 5 4 8 9 5 9 9 11 14 2 11 1 3 5
1 2 1 2 4 4 4 7 9 8 5 12 12 2 12 2 13 14 19
1 2 3 3 1 3 7 2 8 6 2 2 12 2 13 12 6 5 13
1 1 3 4 5 1 3 8 6 6 10 7 11 2 12 2 9 18 3
1 1 1 3 3 6 2 4 9 5 2 11 4 14 5 3 7 8 14
1 1 2 2 2 2 7 5 8 7 11 6 4 4 14 6 11 3 8
1 1 1 4 2 1 5 5 5 6 4 11 4 1 8 6 10 1 13
1 1 3 3 4 4 4 8 5 9 1 2 7 13 2 3 16 1 16
1 2 2 1 4 3 1 2 2 9 9 3 4 2 12 4 16 5 13
1 2 2 3 4 2 1 6 6 5 2 1 3 4 6 8 15 1 2
1 1 1 2 2 4 6 5 7 2 5 2 11 12 14 2 13 10 19
1 1 3 2 2 3 5 5 3 9 11 8 13 2 2 13 2 8 18
1 2 1 1 3 5 1 2 2 4 7 8 5 1 4 2 7 18 15
1 2 1 2 3 5 7 1 9 6 11 7 8 11 3 1 3 10 17
1 2 2 3 1 6 1 2 9 2 8 7 1 2 9 13 11 2 15
1 2 3 3 1 6 5 5 9 2 7 9 11 14 2 9 5 18 14
1 2 3 3 1 4 1 1 5 8 5 10 3 3 11 1 17 2 17
1 2 1 1 5 2 4 4 8 9 10 7 5 2 9 7 10 15 14
1 2 1 2 4 1 2 8 5 1 1 6 7 3 1 3 9 8 16
1 2 3 2 4 6 3 6 1 5 5 7 9 2 14 6 15 8 3
1 1 3 4 2 3 5 6 3 9 9 6 3 11 15 8 8 9 6
1 2 3 4 3 4 5 6 7 1 6 4 3 10 14 1 16 17 15
1 2 3 1 2 2 5 1 8 9 3 3 13 13 4 12 8 12 15
1 1 1 2 1 5 1 7 4 10 8 7 8 5 5 5 1 18 14
1 1 1 3 1 3 4 6 3 5 11 2 11 13 12 2 9 8 13
1 1 2 4 1 5 1 7 4 8 6 3 8 4 1 14 12 2 9
1 2 2 4 2 3 7 8 5 5 4 1 2 3 7 15 12 14 7
1 1 1 2 2 4 2 5 3 10 6 2 8 5 13 1 8 5 4
1 2 1 1 1 6 4 4 2 7 10 9 1 9 6 8 15 18 15
1 2 3 4 2 6 2 6 8 7 7 2 6 5 10 15 2 15 10
1 2 2 2 2 3 5 7 5 10 3 2 12 14 12 2 16 15 4
1 2 1 3 1 2 2 8 6 6 1 1 12 4 15 1 5 8 17
1 2 3 2 2 1 2 1 7 5 1 3 2 10 7 1 11 3 19
1 1 3 1 1 5 2 5 9 4 9 1 3 12 9 6 4 6 13
1 2 3 1 5 5 5 3 1 1 8 3 4 7 3 3 16 14 18
1 1 3 2 3 2 1 4 9 4 8 7 9 2 8 9 7 14 11
1 2 1 4 4 2 4 6 5 7 8 5 6 4 14 11 11 7 1
1 1 3 2 5 4 7 2 1 10 8 4 5 3 12 3 13 4 19
1 2 2 1 3 1 6 6 8 10 2 5 3 3 4 5 5 13 17
1 2 3 3 1 3 7 3 1 6 5 8 10 10 13 6 8 9 6
1 1 3 2 3 4 5 8 7 6 7 7 11 13 2 1 16 1 11
1 2 1 1 3 2 1 2 8 1 4 8 2 10 8 4 2 1 11
1 1 3 4 3 6 1 7 4 10 10 2 2 14 7 1 2 9 11
1 2 3 4 3 1 7 2 3 2 3 1 6 14 14 4 17 1 3
1 2 1 2 3 5 2 6 4 8 3 8 7 5 13 14 3 8 3
1 2 1 3 1 1 1 2 1 7 1 8 9 10 5 6 5 8 2
1 1 1 1 3 1 7 2 4 10 10 6 2 11 1 6 1 10 17
1 2 3 4 3 6 4 2 5 10 4 3 9 14 14 16 6 12 8
1 1 1 1 2 3 3 1 6 2 8 7 2 9 11 3 17 8 13
1 1 3 4 1 6 4 4 4 8 11 5 8 11 4 12 15 9 12
1 1 3 4 2 3 5 4 8 5 1 10 5 11 8 6 8 14 19
1 1 3 1 1 6 7 1 1 2 2 6 2 14 2 6 4 2 9
1 2 1 3 1 2 2 4 8 8 1 11 3 2 3 16 13 17 12
1 2 2 1 5 4 5 4 3 6 5 3 8 10 1 10 16 13 3
1 2 3 3 1 2 1 6 5 6 11 1 11 14 15 2 13 1 9
1 1 3 4 3 4 7 3 5 8 1 3 13 10 8 13 1 1 4
1 2 2 2 3 3 6 6 2 1 4 9 5 9 1 5 10 10 6
1 2 2 2 2 5 5 6 1 5 2 4 4 10 15 3 15 18 4
1 2 2 1 3 3 5 4 9 2 10 6 5 11 14 4 4 5 6
1 2 3 2 3 6 4 1 5 6 6 7 12 13 13 13 9 1 14
1 2 2 1 3 4 4 6 3 4 4 7 9 12 12 1 16 5 9
1 1 2 2 5 3 2 4 5 2 11 9 1 10 13 14 12 12 5
1 1 2 2 2 6 1 8 3 7 1 8 11 8 2 3 9 5 1
1 2 3 1 3 5 4 6 1 10 1 11 9 1 7 8 4 15 19
1 2 2 4 3 3 5 5 1 6 4 11 6 6 8 4 4 8 9
1 2 1 1 4 2 1 8 1 7 4 2 13 8 2 5 9 2 1
1 2 2 3 4 5 2 6 4 6 10 8 7 13 9 7 10 10 4
1 2 3 1 4 2 6 7 6 4 3 2 13 11 3 10 10 1 4
1 2 1 1 2 1 1 5 2 3 4 6 5 4 14 4 13 12 4
1 2 2 3 3 4 3 1 1 1 3 1 13 13 2 16 16 11 13
1 1 2 3 2 1 2 5 7 7 6 2 8 12 3 12 5 1 1
1 2 2 2 1 2 7 1 9 2 2 11 7 2 1 7 6 14 10
1 1 1 4 4 5 6 7 4 4 7 7 12 14 10 8 11 18 15
1 1 3 1 4 3 3 2 1 6 6 1 3 12 3 10 9 10 13
1 1 2 3 4 3 1 5 7 5 2 4 3 3 13 12 5 10 6
1 2 1 2 4 6 4 5 5 2 7 6 1 3 14 12 7 8 10
1 1 3 4 2 5 4 5 4 10 5 7 8 14 5 1 10 2 12
1 2 3 3 4 5 6 8 3 10 6 3 11 8 1 11 16 18 7
1 1 2 1 4 4 1 4 4 3 3 12 7 2 5 10 7 16 3
1 2 2 1 5 6 3 7 3 4 2 1 4 13 4 14 7 14 10
1 2 2 4 1 3 3 2 2 8 11 12 1 8 7 8 11 14 19
1 1 1 4 1 4 5 4 9 10 9 6 9 5 13 12 3 12 9
1 2 2 2 5 1 4 2 7 7 8 12 13 13 11 16 16 10 12
1 1 1 3 5 6 5 8 2 8 8 3 4 1 6 1 14 3 19
1 2 2 3 2 4 5 1 2 5 6 1 4 8 11 7 10 16 5
1 2 3 3 5 5 1 8 6 10 2 1 4 8 5 12 16 2 13
1 2 3 4 2 3 2 4 7 2 2 10 9 8 2 14 15 8 5
1 1 3 3 5 3 6 2 8 4 5 11 7 9 7 4 2 8 16
1 1 3 4 2 3 7 7 4 1 6 1 11 12 10 5 1 5 16
1 2 2 1 2 1 5 3 1 8 2 3 8 11 12 16 6 6 1
1 2 1 3 5 2 6 1 6 4 4 3 11 2 7 9 13 17 18
1 1 2 2 3 6 2 2 2 6 5 12 6 6 10 4 10 7 11
1 1 1 2 4 3 3 1 1 1 8 9 1 8 13 5 4 2 5
1 1 3 3 4 5 1 3 6 10 10 3 10 6 2 6 15 3 18
1 1 1 4 5 1 1 7 7 1 2 2 7 14 2 12 4 15 5
1 1 1 2 4 4 6 7 1 1 6 9 12 8 12 4 14 7 7
1 1 3 4 4 2 6 5 5 5 6 11 4 3 2 5 2 14 14
1 2 3 3 3 3 3 1 8 3 9 9 6 11 15 1 9 15 6
1 2 2 1 2 4 5 8 7 8 6 8 5 10 15 8 7 1 10
1 1 1 2 1 5 7 8 2 2 11 1 12 5 3 10 2 13 6
1 1 3 3 4 5 7 4 2 10 8 2 7 2 7 9 1 17 4
1 1 1 1 1 3 4 5 8 8 4 9 4 13 5 6 3 10 12
1 1 2 3 1 5 6 2 2 8 1 1 9 6 8 16 8 12 13
1 2 3 1 2 6 2 1 1 2 5 4 3 6 11 10 1 14 19
1 1 1 3 4 2 3 4 5 1 5 8 6 2 9 4 5 11 18
1 1 1 2 3 3 3 4 5 1 10 1 2 12 8 8 17 12 5
1 1 2 1 4 5 1 5 2 4 2 6 5 5 3 7 5 16 5
1 1 2 2 3 3 7 6 7 6 8 10 9 8 1 15 7 13 2
1 2 3 1 2 6 5 4 3 7 5 1 10 10 12 10 8 7 11
1 1 2 4 3 2 5 4 4 6 1 8 8 14 5 2 2 2 18
1 2 3 2 2 4 6 5 7 5 4 8 4 14 6 9 16 15 6
1 2 2 1 3 1 5 1 8 9 9 4 7 14 14 5 9 13 9
1 1 1 2 3 6 7 4 8 4 6 9 6 7 2 3 15 12 6
1 1 3 3 5 6 4 7 8 2 9 6 12 3 2 3 4 10 6
1 1 2 1 4 5 3 8 1 6 2 9 9 3 1 11 10 4 12
1 1 3 2 5 2 5 7 2 5 7 12 10 11 15 7 7 1 11
1 1 3 3 2 3 5 3 9 8 4 12 2 10 5 15 2 3 7
1 1 2 2 4 6 3 2 5 5 8 4 13 7 14 11 12 11 17
1 1 3 1 5 1 2 7 8 7 3 2 6 6 11 8 5 6 13
1 1 1 4 2 6 1 1 3 8 5 5 9 11 7 1 17 10 12
1 2 1 3 4 6 3 6 6 8 2 10 12 12 12 7 1 2 18
1 1 2 1 3 3 4 3 2 6 6 10 5 1 11 16 8 6 5
1 2 1 4 2 4 4 5 4 2 8 5 10 12 3 6 12 18 14
1 2 3 1 5 4 3 4 8 6 4 11 9 4 2 13 16 7 2
1 2 2 3 5 1 1 7 4 4 10 3 9 14 14 8 10 7 16
1 2 2 2 1 6 6 4 2 2 8 4 9 7 5 16 16 2 11
1 1 2 3 3 4 7 7 9 2 3 2 13 4 11 15 1 5 9
1 1 2 4 1 6 2 5 2 1 10 11 5 3 15 2 9 2 10
1 2 1 4 4 6 4 3 9 10 7 12 7 12 5 8 15 2 7
1 2 1 3 3 6 3 2 7 1 3 7 10 1 1 10 16 18 12
1 2 1 1 1 2 6 1 6 10 1 3 12 4 6 8 13 14 1
1 2 2 1 1 5 2 4 9 4 7 9 10 14 12 5 17 2 18
1 1 1 4 1 3 1 8 9 9 3 8 6 3 5 6 4 13 8
1 2 2 3 3 5 7 3 8 3 5 6 6 14 3 15 14 4 14
1 2 1 1 2 3 1 4 5 3 5 6 1 4 6 5 16 6 2
1 2 3 1 5 6 5 6 8 8 9 11 9 10 6 14 10 18 5
1 2 2 1 2 4 1 1 3 3 5 1 12 13 1 3 2 11 14
1 1 2 1 5 2 3 7 1 6 8 10 7 1 11 8 11 1 16
1 2 3 1 2 4 6 1 5 10 1 5 8 7 6 13 8 16 15
1 2 1 2 3 6 5 1 5 7 6 2 4 11 9 10 4 3 8
1 1 2 3 2 3 3 5 7 4 11 9 1 10 3 8 8 15 1
1 2 2 1 5 1 5 6 2 6 1 9 4 3 5 11 6 18 11
1 1 2 4 2 5 2 4 4 5 2 12 13 1 15 10 8 6 13
1 2 3 3 1 1 5 6 1 9 5 9 5 2 11 1 5 13 14
1 1 2 3 5 2 1 4 3 8 8 5 3 11 2 11 1 13 2
1 1 3 4 5 2 6 2 4 8 4 5 7 10 10 14 6 4 7
1 2 1 1 2 2 2 5 4 9 9 1 11 4 10 10 1 17 16
1 1 1 4 1 4 5 2 9 8 3 4 11 7 14 8 1 18 8
1 2 3 3 1 3 5 1 7 5 9 12 12 6 11 15 15 15 7
1 2 3 4 2 6 2 2 2 9 9 7 1 12 12 13 14 12 14
1 2 1 4 2 3 1 2 1 2 7 5 2 4 5 5 6 13 17
1 2 1 1 5 1 2 2 7 3 7 9 6 12 4 5 1 4 5
1 2 2 4 2 5 2 8 9 10 7 4 5 4 14 14 13 18 14
1 1 2 1 4 3 2 1 8 5 11 10 11 4 13 7 6 10 9
1 1 3 1 3 1 2 5 8 9 1 7 3 4 13 15 7 17 14
1 1 1 4 3 2 3 1 1 3 10 4 9 14 12 11 11 15 9
1 2 3 2 5 4 2 2 4 1 5 8 10 11 15 11 15 15 12
1 1 2 4 1 6 3 4 5 4 1 1 12 4 1 7 10 15 4
1 1 1 3 4 3 6 1 8 1 11 8 8 9 10 6 11 9 13
1 1 3 2 5 4 1 5 7 3 6 2 4 11 4 5 11 4 9
1 2 3 2 3 5 3 8 1 3 3 8 1 11 2 2 17 8 12
1 1 2 2 3 6 3 8 5 8 5 11 9 12 11 8 1 13 10
1 1 2 4 1 5 4 8 7 4 7 10 1 9 12 14 5 3 1
1 1 1 2 5 5 2 5 9 4 2 3 10 8 12 14 15 4 12
1 1 1 2 3 3 7 7 9 6 3 9 12 4 8 3 11 18 12
1 2 3 2 5 6 5 6 3 6 1 10 5 12 8 10 6 1 10
1 2 1 2 3 2 5 7 5 4 4 2 5 14 10 13 2 8 17
1 2 2 2 5 1 5 4 5 5 5 8 2 6 9 1 4 5 8
1 1 2 4 5 3 7 2 8 7 5 6 3 5 15 3 2 17 5
1 1 2 3 3 1 5 7 2 5 5 5 4 5 4 8 9 13 12
1 2 2 4 5 1 1 1 5 5 11 4 4 2 4 16 2 13 14
1 1 3 2 3 2 2 4 7 10 8 11 6 12 10 16 16 16 4
1 2 3 1 2 2 2 8 3 7 9 10 8 5 2 8 2 9 14
1 1 3 2 5 1 3 6 2 4 11 4 7 8 6 14 2 17 17
1 2 1 1 2 4 6 7 3 8 10 1 7 5 8 5 11 11 7
1 1 3 4 3 6 3 1 3 8 6 8 8 3 8 11 16 14 2
1 1 2 3 1 1 5 5 5 8 3 2 9 2 10 4 10 15 19
1 2 2 1 5 1 3 6 6 2 1 6 9 2 5 12 4 2 10
1 2 2 4 1 5 7 6 9 5 8 8 3 5 3 6 13 12 4
1 1 1 1 1 5 2 6 6 9 8 8 10 2 10 4 13 4 3
1 2 3 2 4 4 4 7 7 6 1 8 1 3 15 8 4 12 4
1 2 3 3 5 5 2 4 8 10 7 8 3 14 9 8 3 14 7
1 1 3 2 1 3 7 3 5 2 2 10 13 11 7 12 3 6 9
1 1 2 3 4 1 2 3 7 8 1 2 5 7 15 7 16 16 8
1 2 1 1 2 4 4 3 8 9 3 9 2 11 6 7 1 5 12
1 1 2 1 3 5 6 6 6 8 2 11 13 1 15 4 16 4 15
1 1 1 2 4 2 1 6 6 2 1 11 12 3 4 11 11 2 10
1 1 1 2 1 4 6 5 4 6 11 8 7 4 7 8 12 2 17
1 2 2 1 5 4 4 6 4 7 3 10 10 12 1 9 6 17 15
1 2 2 3 4 6 7 3 2 8 3 1 3 3 5 1 10 7 2
1 1 1 4 5 5 1 7 8 5 9 11 6 4 2 16 4 13 11
1 2 2 3 3 3 3 4 6 6 5 5 12 6 6 15 5 17 14
1 1 2 2 1 5 2 3 3 7 2 1 9 14 13 10 7 1 6
1 2 1 4 1 3 6 6 4 4 6 6 7 14 3 3 10 15 17
1 2 2 4 4 1 1 1 1 9 8 8 3 3 3 15 1 8 13
1 2 3 4 1 3 5 3 1 5 3 3 9 7 3 1 8 13 11
1 1 2 3 1 4 7 7 5 8 6 10 11 12 13 8 3 3 4
1 2 1 3 2 2 3 2 3 8 11 11 3 11 11 4 14 8 13
1 2 3 4 2 4 7 5 2 10 5 5 3 10 10 9 15 10 14
1 2 2 2 1 6 7 2 2 6 10 1 10 6 2 13 10 11 1
1 2 3 2 4 3 4 1 3 9 10 5 4 11 10 16 4 14 17
1 1 2 2 1 5 1 7 5 8 4 8 1 2 1 9 2 11 1
1 1 3 3 5 3 1 4 5 1 1 6 7 4 15 9 12 18 2
1 2 2 3 2 5 5 1 9 5 2 5 7 6 11 16 15 6 16
1 2 1 4 5 3 7 8 2 7 9 11 6 12 15 11 9 1 18
1 1 2 3 2 4 1 8 9 1 3 3 6 8 12 5 7 16 13
1 1 2 2 1 6 3 4 4 3 7 7 4 2 15 1 10 10 13
1 2 3 4 3 4 5 8 1 6 2 10 1 13 8 14 5 12 11
1 2 3 1 5 3 4 2 1 6 7 5 5 1 13 10 7 11 3
1 2 1 3 2 1 2 1 1 7 6 9 12 12 2 3 17 2 14
1 2 2 3 1 4 3 6 3 6 2 8 12 12 13 10 17 4 3
1 1 1 2 3 5 7 6 9 2 3 2 2 11 1 8 7 6 9
1 2 2 2 4 4 6 1 1 4 7 8 7 1 5 16 1 14 12
1 1 2 1 5 2 5 6 8 6 7 11 4 4 15 2 7 17 6
1 1 3 3 5 1 2 5 6 9 4 6 13 13 14 8 8 13 9
1 1 3 1 3 4 4 4 3 7 9 7 2 3 7 2 15 3 5
1 1 1 2 2 2 4 5 8 7 11 11 12 5 6 2 13 4 16
1 1 1 1 2 3 1 3 1 2 10 3 12 5 13 1 8 15 14
1 1 3 4 3 4 6 6 2 4 8 8 11 11 2 5 2 12 16
1 2 1 4 2 3 5 8 1 6 6 1 2 8 15 6 9 18 5
1 2 1 1 1 1 6 5 9 4 6 12 12 5 11 15 2 16 3
1 1 3 2 1 4 7 2 1 2 4 3 9 9 7 10 7 11 2
1 1 2 4 5 6 4 4 4 3 3 12 1 8 15 5 4 9 16
1 2 2 2 1 2 6 1 3 2 11 5 11 8 1 4 10 7 19
1 2 2 1 4 2 6 7 9 1 8 9 4 14 5 8 14 2 6
1 1 1 4 1 4 5 1 4 3 1 2 9 14 13 12 3 11 4
1 1 2 4 4 2 6 7 6 4 7 4 4 10 4 8 8 15 11
1 1 2 1 1 3 5 5 9 9 6 4 4 11 14 6 9 16 2
1 1 1 3 4 3 3 6 8 4 1 5 8 1 14 6 15 11 11
1 2 1 2 2 4 5 4 6 5 3 10 7 14 5 15 17 11 4
1 2 3 2 1 3 3 3 1 2 5 2 9 7 3 10 4 14 3
1 1 3 4 2 1 5 4 5 4 10 6 6 11 1 2 10 14 12
1 1 1 3 1 3 1 5 5 1 11 10 1 6 9 3 15 1 2
1 1 3 1 5 4 3 4 6 6 5 1 9 4 10 10 1 12 16
1 2 2 2 3 5 6 4 8 6 11 1 7 1 5 2 8 10 6
1 1 3 2 1 5 1 6 9 3 9 6 3 3 3 10 3 14 1
1 2 2 1 3 6 5 2 7 4 7 10 1 5 3 10 1 9 3
1 2 2 1 2 5 5 5 9 9 1 10 3 6 12 9 4 7 8
1 2 3 4 4 1 1 4 7 6 2 3 8 12 5 12 11 12 7
1 2 2 1 3 3 2 5 5 1 1 4 9 10 5 11 3 6 7
1 2 2 3 2 3 2 2 1 8 9 11 6 2 13 13 16 1 15
1 2 2 1 1 3 1 4 2 6 8 10 6 1 3 7 13 12 5
1 1 3 4 5 2 2 4 3 8 11 8 10 11 11 11 11 8 8
1 1 1 4 2 5 6 3 9 7 2 11 6 8 10 15 9 5 19
1 1 3 4 4 3 4 6 7 8 9 11 2 10 9 1 16 8 11
1 2 2 1 1 3 1 1 4 4 5 10 6 7 8 11 9 15 8
1 2 1 2 2 1 2 2 5 6 4 2 13 3 12 11 14 13 7
1 2 1 1 5 4 7 1 2 3 7 7 7 10 12 6 3 8 3
1 2 3 4 4 3 5 2 2 4 1 8 1 1 2 3 2 16 12
1 1 2 3 2 4 3 5 8 5 1 11 4 8 2 5 11 9 3
1 2 3 2 2 1 7 2 6 2 1 4 8 9 9 9 16 11 2
1 1 3 1 5 3 1 5 4 10 10 11 7 4 7 3 12 13 2
1 1 2 2 4 6 5 3 5 5 8 8 2 14 13 15 11 16 9
1 2 3 2 5 4 7 1 5 8 9 12 13 7 10 7 5 18 14
1 2 1 1 3 6 6 8 4 2 5 5 6 2 7 10 4 10 9
1 1 3 4 1 6 7 7 6 10 8 5 1 6 6 11 9 3 17
1 2 1 2 2 2 2 2 7 7 5 12 12 14 9 16 7 14 16
1 1 1 1 1 3 4 5 8 4 3 7 11 13 14 3 5 16 12
1 1 3 1 1 4 5 2 5 2 7 8 7 14 7 13 16 11 12
1 1 2 4 5 6 5 2 3 8 10 9 3 14 8 12 17 2 2
1 2 3 3 5 5 4 7 3 7 5 6 11 14 2 12 13 11 13
1 2 2 4 3 6 5 3 1 6 6 9 4 3 7 9 7 7 1
1 1 2 4 1 1 7 1 8 8 9 11 5 2 13 8 14 18 12
1 2 1 4 5 3 2 5 4 10 8 4 10 7 3 12 4 16 19
1 1 3 3 4 2 5 8 8 9 1 1 13 2 5 1 6 9 8
1 1 1 1 5 1 5 6 6 2 2 6 5 12 11 1 2 9 11
1 1 2 3 3 6 2 5 6 9 1 7 10 1 7 15 8 12 16
1 2 2 4 1 2 4 1 7 10 3 12 11 10 2 10 9 16 6
1 1 2 1 3 4 1 6 9 5 7 10 9 9 11 10 16 5 4
1 1 3 4 1 1 1 2 2 4 4 6 1 2 2 16 14 7 8
1 1 2 3 5 5 4 5 8 1 2 9 4 6 12 8 10 17 1
1 2 2 2 2 6 2 7 6 2 5 1 9 4 8 16 17 10 8
1 1 2 1 4 4 7 5 8 1 6 12 12 5 12 12 9 8 18
1 1 2 3 5 2 3 8 2 7 10 11 13 3 5 2 8 1 11
1 1 1 2 5 3 4 4 6 4 11 10 2 11 12 7 12 6 7
1 2 3 1 2 1 7 2 2 6 10 9 6 3 13 2 6 14 6
1 1 1 1 2 3 4 6 9 8 3 8 4 14 5 14 9 9 11
1 2 3 1 2 2 7 4 8 9 3 8 3 2 11 11 2 7 19
1 2 1 3 4 2 2 2 6 7 4 5 6 4 3 12 11 3 4
1 1 1 4 4 3 3 5 3 6 7 5 8 8 13 14 9 13 14
1 2 1 2 4 2 6 7 4 8 3 7 6 8 11 11 15 12 6
1 1 2 2 2 2 7 1 6 7 4 1 13 5 4 1 1 6 19
1 2 2 1 3 5 5 8 1 10 5 3 1 10 5 16 17 12 2
1 2 3 2 5 1 7 8 3 1 7 9 3 8 12 2 14 10 11
1 2 3 4 2 6 2 2 5 7 5 7 1 2 3 7 16 18 4
1 1 2 4 5 5 2 6 2 3 6 2 2 4 6 6 7 16 8
1 1 1 2 2 1 3 5 6 1 7 12 4 4 15 8 9 2 14
1 1 1 2 2 2 7 6 1 1 3 7 8 11 13 12 15 1 4
1 2 2 2 4 4 1 8 1 1 1 3 10 1 7 13 13 14 16
1 2 2 4 2 5 2 4 5 8 10 3 2 11 12 2 10 4 14
1 1 1 4 2 1 1 8 7 6 8 10 6 8 12 10 16 2 12
1 1 1 1 2 3 1 2 5 7 2 7 11 7 13 4 15 9 17
1 1 2 4 5 5 1 3 1 5 10 2 6 2 11 12 6 10 17
1 1 2 3 3 3 4 8 3 1 5 2 7 10 2 14 15 12 16
1 2 3 1 4 6 2 4 6 6 7 5 4 4 6 3 6 7 1
1 1 2 2 1 4 4 4 6 4 2 10 11 5 4 7 15 17 11
1 1 2 1 2 4 2 7 8 8 3 1 6 3 12 13 4 1 2
1 2 2 4 4 3 4 6 6 7 3 11 5 5 11 4 7 8 2
1 1 1 3 2 1 7 3 9 8 6 1 11 5 6 5 4 8 6
1 1 1 2 2 2 2 7 2 6 8 10 6 3 1 8 13 5 13
1 1 2 1 5 6 5 2 7 9 10 2 2 4 2 14 5 11 18
1 2 2 4 2 2 1 7 2 7 8 5 1 7 9 6 4 13 10
1 2 1 2 5 6 1 8 4 6 2 3 10 7 8 6 8 15 14
1 1 1 4 2 6 3 4 3 1 3 1 11 1 7 15 12 5 12
1 2 2 1 3 2 2 1 2 2 8 9 13 6 15 2 2 6 18
1 1 3 1 1 1 1 6 3 1 2 2 4 3 8 11 8 5 17
1 2 3 1 5 1 1 3 8 3 4 8 4 4 1 11 14 9 13
1 2 1 4 4 3 4 8 9 3 7 8 6 9 4 8 9 12 10
1 2 2 3 1 1 5 4 7 6 3 8 7 3 12 15 14 16 17
1 1 1 3 3 1 1 7 1 5 9 10 10 13 11 2 16 2 7
1 2 1 4 3 1 4 5 2 6 4 11 9 1 9 2 17 3 1
1 2 2 3 1 1 2 3 1 4 4 3 11 6 9 11 4 12 2
1 2 3 2 5 3 3 2 4 10 1 8 4 6 11 9 11 1 12
1 1 2 2 2 1 1 4 6 5 3 11 12 13 6 4 11 12 14
1 1 1 2 4 1 3 1 7 3 2 3 4 6 13 3 1 5 5
1 1 2 3 3 4 2 7 2 3 3 8 11 1 9 14 7 12 14
1 2 3 1 4 4 2 5 5 1 8 4 3 10 12 10 14 15 9
1 1 2 1 3 6 1 1 3 7 6 6 11 14 2 15 7 7 7
1 1 1 3 2 3 1 2 5 6 10 3 3 9 13 3 15 14 9
1 2 1 2 4 4 7 1 8 9 3 1 6 11 6 1 4 8 10
1 2 3 4 3 5 5 4 2 4 7 6 10 9 13 16 14 14 3
1 2 1 2 3 4 5 8 1 8 8 4 5 1 6 9 10 12 2
1 2 2 2 5 1 7 5 8 5 4 9 6 3 4 15 13 17 2
1 1 3 2 2 2 3 7 9 6 5 1 5 9 5 3 11 8 5
1 2 1 1 4 2 1 1 5 5 3 11 3 10 10 2 6 6 4
1 2 1 4 1 2 1 8 5 8 10 11 11 13 4 5 5 14 12
1 2 2 4 3 3 4 1 7 2 8 10 3 12 1 8 2 11 14
1 1 3 2 1 4 4 1 9 5 11 4 7 7 4 15 4 8 12
1 1 1 2 2 6 6 1 8 3 2 4 10 4 11 4 9 2 7
1 2 3 4 1 6 7 7 7 7 11 8 1 6 11 8 16 13 5
1 2 2 1 5 5 2 5 3 9 6 3 1 5 10 16 8 18 15
1 1 3 1 5 6 4 7 1 5 8 5 7 1 4 9 12 12 3
1 2 1 4 3 6 6 6 1 6 8 9 7 3 5 14 14 17 16
1 2 1 2 1 6 4 2 7 4 10 9 12 5 7 7 6 14 9
1 2 2 2 4 1 7 8 5 7 10 5 1 7 15 7 17 7 4
1 1 2 4 1 2 2 8 9 5 7 7 3 4 7 3 9 2 6
1 1 2 1 2 3 3 2 8 7 5 7 2 10 15 16 17 7 18
1 1 2 1 4 6 5 4 1 7 11 5 7 7 10 5 11 8 1
1 2 2 3 4 3 7 7 3 3 3 1 13 12 2 12 13 1 16
