523
1 7
1 40
1 103
1 189
1 235
1 391
1 601
1 649
1 715
1 768
1 901
2 122
3 458
3 478
3 791
3 889
4 159
6 813
11 104
12 742
13 81
13 248
13 677
14 325
14 489
16 161
16 325
16 575
16 648
17 373
17 644
18 81
22 66
22 265
24 754
25 91
25 98
25 754
27 349
29 964
30 554
30 858
32 860
33 922
36 783
36 802
37 555
38 201
40 195
40 447
40 722
40 757
40 759
40 881
41 89
41 345
41 395
41 660
41 956
44 768
46 411
47 106
47 792
48 54
48 121
48 421
48 649
49 456
52 991
55 745
56 513
56 925
59 448
59 811
60 726
66 337
67 121
67 506
67 921
68 208
68 270
68 391
68 574
68 776
71 378
71 733
73 510
74 437
75 636
78 316
79 258
79 288
79 718
79 958
80 422
81 225
81 414
85 748
87 796
88 834
89 699
89 886
94 391
94 423
99 573
101 250
102 368
104 748
105 275
106 202
106 879
108 136
108 837
109 686
109 993
110 715
111 447
112 142
113 566
114 368
115 431
117 474
118 300
121 645
122 397
122 403
122 722
123 545
125 608
125 672
125 748
126 899
126 940
127 356
129 262
133 649
133 692
135 540
135 766
139 258
140 294
142 368
142 549
142 953
143 818
143 977
144 397
146 278
149 431
151 284
152 683
153 294
153 458
153 671
154 765
156 185
156 386
158 586
158 745
159 776
166 812
166 940
173 459
176 185
176 307
176 310
176 325
176 715
176 958
178 357
178 746
179 794
180 200
181 618
185 709
186 342
186 588
186 722
188 387
188 516
189 508
191 277
194 513
195 200
195 368
195 551
195 580
199 202
199 210
199 356
199 620
199 675
199 680
201 513
202 268
202 426
202 509
202 649
205 766
207 378
214 347
217 310
220 776
220 1000
227 509
228 649
229 441
229 634
231 373
232 391
236 667
237 311
237 810
237 907
240 423
243 311
243 479
243 559
243 715
243 796
243 924
244 349
244 375
244 675
247 426
248 303
248 482
250 583
250 612
252 349
253 907
258 422
258 721
261 776
262 644
262 667
262 858
263 522
263 624
263 833
265 347
265 751
265 997
266 365
266 471
267 378
267 912
267 993
270 455
270 623
270 835
272 411
272 908
273 576
273 716
275 287
275 939
277 801
278 970
282 311
282 394
283 523
283 715
284 719
284 768
287 528
288 545
288 970
293 461
296 580
297 368
297 854
300 991
301 356
301 965
302 313
305 345
310 493
310 746
313 971
314 340
314 725
315 726
316 751
317 401
320 366
322 907
325 683
325 844
333 448
334 719
336 809
347 532
348 482
356 401
356 663
356 702
361 602
363 742
363 750
365 487
365 552
366 507
366 634
366 652
366 760
366 992
367 383
372 415
372 958
375 578
376 445
376 601
377 667
378 636
378 660
380 861
381 509
382 383
382 547
384 699
391 516
401 556
401 613
409 577
409 634
409 749
411 528
411 552
411 618
413 499
413 693
413 994
419 602
419 634
420 786
424 680
426 598
427 694
427 801
429 794
429 853
431 658
435 567
435 995
437 546
437 819
437 901
438 586
439 577
442 552
442 891
444 733
447 583
447 726
447 972
448 675
452 745
456 844
458 649
458 748
459 840
459 922
461 509
464 511
465 709
468 552
470 763
474 528
474 547
479 704
479 742
479 841
482 631
482 684
482 715
483 583
484 725
485 897
486 619
497 858
502 699
503 593
503 658
503 824
503 968
504 938
508 708
509 812
509 836
510 552
511 751
512 853
513 642
513 901
516 772
516 943
521 706
522 729
528 634
528 644
528 649
528 707
532 698
533 768
534 561
534 598
534 880
538 727
540 693
540 745
540 991
541 736
545 635
546 888
549 787
551 657
551 825
555 841
566 841
568 968
572 707
572 974
573 815
575 955
580 754
588 724
590 812
599 856
608 775
610 660
611 938
617 763
619 751
619 755
619 868
627 644
632 991
634 658
634 660
634 871
639 660
643 955
644 853
649 706
649 745
658 833
659 746
659 777
660 678
661 791
664 759
670 674
670 776
673 680
675 786
675 813
678 765
682 810
683 801
683 804
685 707
691 715
691 821
691 831
691 917
693 982
695 707
706 964
709 875
712 908
713 992
715 751
716 772
719 897
721 848
722 743
722 895
722 938
725 802
727 757
732 977
736 977
739 924
739 929
742 933
744 927
745 802
745 941
749 799
756 821
760 911
760 927
762 962
763 922
772 860
775 979
776 834
782 810
801 873
804 942
809 812
815 958
818 843
825 960
833 856
834 837
835 894
836 861
836 987
841 961
852 982
853 962
853 977
854 884
857 871
863 964
865 884
887 994
901 932
922 958
933 995
958 971
1 649 528 634 715 202 176 199 675 509 660 958 426 106 658 833 263 644 879 268
1 649 715 176 40 528 202 243 958 325 79 310 479 391 199 751 745 540 509 802
1 649 528 634 660 658 366 760 409 507 378 992 927 644 267 320 713 652 911 744
1 649 528 202 634 715 644 40 199 411 509 195 552 812 675 836 176 474 853 243
1 649 715 40 528 195 202 634 745 722 458 368 660 658 748 644 411 176 378 142
1 649 715 528 634 644 411 202 40 474 391 195 176 243 958 722 660 199 675 244
1 649 715 176 243 958 79 258 325 288 528 202 422 634 199 970 310 660 745 278
1 649 715 176 958 528 243 325 634 683 79 644 16 844 853 801 310 14 456 479
1 649 528 715 40 634 660 195 722 202 644 199 853 368 745 262 658 122 17 447
1 649 715 528 634 40 195 202 391 368 142 660 722 580 551 901 513 745 437 68
1 649 528 202 715 634 199 509 644 853 426 812 977 745 540 660 411 598 458 166
1 649 715 528 176 634 243 660 479 40 311 195 368 580 658 378 958 722 551 447
1 649 528 715 176 243 40 958 391 68 195 368 479 79 516 722 94 922 580 754
1 649 528 202 745 540 199 693 413 991 300 994 118 135 887 52 499 458 48 982
1 649 528 634 202 644 745 660 458 748 853 199 715 675 40 244 448 48 333 176
1 649 528 202 745 715 540 176 958 243 693 751 482 265 458 413 991 300 48 748
1 649 715 528 202 176 199 509 675 426 634 812 598 243 534 166 644 479 106 751
1 649 528 715 634 660 378 176 202 958 79 922 243 325 644 258 745 310 658 422
1 649 528 634 202 745 660 458 748 715 378 199 48 125 121 644 176 3 791 706
1 649 715 176 958 79 243 258 922 751 422 265 325 815 573 482 40 721 391 80
1 649 715 40 391 195 528 901 202 368 176 142 745 540 580 768 284 719 151 549
1 649 715 40 176 528 958 391 195 202 901 745 325 683 310 458 185 79 746 16
1 649 715 176 528 202 199 243 751 745 958 675 540 40 195 482 479 368 244 722
1 649 528 634 715 660 378 202 745 540 40 176 644 411 853 391 68 901 977 516
1 649 715 176 528 634 660 958 325 683 801 378 427 277 40 658 644 195 411 368
1 649 715 40 528 176 243 634 479 742 311 202 745 796 540 660 933 802 644 391
1 649 715 528 634 202 199 745 458 660 644 176 853 675 378 356 658 41 540 833
1 649 715 176 243 479 742 933 311 528 202 751 40 634 237 995 363 745 12 660
1 649 715 528 176 634 202 243 660 40 195 658 722 644 745 366 378 540 368 411
1 649 715 176 243 528 479 742 751 265 958 619 316 634 841 78 347 868 79 40
1 649 715 40 176 958 325 195 683 16 801 528 79 722 122 844 575 14 634 489
1 649 715 40 176 528 391 195 958 325 202 310 722 746 368 580 199 142 79 185
1 649 528 715 202 176 634 243 958 79 325 258 40 683 288 644 195 722 718 751
1 649 528 715 40 202 745 176 391 68 243 751 458 48 634 540 802 660 479 742
1 649 715 176 40 958 243 528 634 391 901 644 68 660 325 516 195 479 311 202
1 649 528 634 202 644 660 745 458 411 715 748 125 658 540 552 853 40 366 833
1 649 528 634 202 715 660 658 176 199 243 958 509 40 833 195 503 968 722 812
1 649 715 528 202 40 391 199 675 634 901 768 509 812 745 540 836 426 284 44
1 649 715 176 243 479 751 482 742 933 995 528 363 12 265 619 311 796 237 282
1 649 715 40 391 68 176 243 901 776 270 834 837 195 220 958 261 768 835 1000
1 649 528 634 202 715 199 40 660 195 658 176 366 644 958 675 833 409 79 378
1 649 528 202 634 644 853 262 17 660 745 977 667 715 373 658 833 40 199 391
1 649 528 715 634 644 853 202 411 977 176 745 540 429 693 958 262 667 325 40
1 649 715 176 528 202 745 243 751 634 660 265 482 378 347 22 199 248 41 267
1 649 715 528 40 634 644 660 378 411 41 474 202 267 391 89 745 195 658 678
1 649 528 634 202 745 199 540 660 802 509 378 644 853 725 812 314 36 158 836
1 649 715 528 176 243 40 958 195 325 79 202 310 199 368 258 922 479 815 311
1 649 715 176 40 195 722 368 447 757 580 243 528 202 479 583 122 634 745 742
1 649 528 634 660 658 833 366 644 263 378 409 577 749 522 799 715 503 419 176
1 649 715 176 243 751 40 528 265 391 195 634 347 722 958 325 619 368 901 22
1 649 528 202 745 458 540 802 748 199 3 715 791 634 693 509 125 661 608 153
1 649 715 528 176 243 634 660 958 202 751 482 325 691 378 658 40 745 195 310
1 649 715 528 40 391 176 958 79 634 325 202 68 199 509 776 516 270 683 835
1 649 528 715 202 40 391 199 68 634 675 244 509 516 772 426 349 176 901 776
1 649 715 528 40 195 368 580 551 176 958 391 825 325 683 200 754 16 960 79
1 649 528 202 199 715 509 176 812 745 958 836 634 660 644 79 675 426 258 458
1 649 715 40 195 368 176 580 551 528 142 634 202 200 180 825 754 199 722 657
1 649 715 176 40 243 391 958 901 768 513 528 325 202 56 745 540 68 201 38
1 649 528 202 634 199 644 660 411 853 262 378 667 474 745 977 429 962 675 512
1 649 528 715 202 634 176 958 40 195 722 447 660 325 644 411 853 79 658 474
1 649 528 202 715 199 675 745 634 509 244 426 176 356 448 40 349 391 660 243
1 649 528 715 202 40 391 634 176 644 68 199 509 195 368 812 580 551 243 675
1 649 528 715 176 634 243 751 644 40 958 325 660 658 391 853 79 479 901 683
1 649 715 176 40 391 528 901 513 768 634 243 751 202 265 284 195 199 437 368
1 649 715 176 243 751 265 347 528 22 40 66 532 619 634 202 337 698 214 195
1 649 528 715 202 745 176 243 458 199 479 40 958 751 79 540 311 325 265 634
1 649 528 634 202 199 644 675 244 715 349 411 176 660 474 252 27 448 243 375
1 649 715 528 634 660 658 378 833 40 263 41 195 368 503 176 968 391 142 431
1 649 715 40 195 722 528 122 634 397 391 447 202 644 68 660 368 938 853 611
1 649 715 176 958 243 325 479 528 634 79 310 185 746 751 265 659 311 644 347
1 649 528 634 644 715 853 977 660 143 411 262 667 552 176 736 236 17 202 377
1 649 528 715 634 176 958 325 202 644 243 853 411 660 479 40 310 977 185 474
1 649 528 715 40 202 745 391 195 540 199 634 660 509 693 176 378 458 41 812
1 649 715 528 202 176 243 751 479 265 482 619 311 237 316 199 282 868 675 347
1 649 715 528 202 176 634 745 660 540 644 853 458 802 40 378 977 243 411 693
1 649 528 715 176 243 202 751 199 675 745 40 634 509 356 680 644 660 411 391
1 649 715 176 528 243 202 751 479 199 482 742 265 691 283 675 347 958 22 311
1 649 715 528 202 199 675 40 195 244 349 745 722 391 122 458 368 540 938 509
1 649 715 528 202 176 40 199 243 479 742 958 325 195 675 509 310 683 751 244
1 649 715 176 243 751 479 311 742 237 933 841 282 482 363 907 691 821 528 265
1 649 715 528 176 40 391 68 243 202 901 768 745 195 368 513 56 199 540 925
1 649 528 634 660 202 644 199 715 509 745 411 658 853 426 977 598 429 675 378
1 649 715 528 176 958 79 634 258 202 40 660 644 325 683 853 243 310 262 411
1 649 528 715 40 391 68 195 176 776 270 208 516 202 834 220 261 837 958 199
1 649 528 202 199 675 244 745 458 448 813 356 634 644 411 401 680 786 420 552
1 649 715 40 195 368 391 580 142 528 634 660 551 68 722 176 378 644 754 122
1 649 528 202 745 715 540 176 693 802 458 199 509 748 3 634 660 158 40 125
1 649 528 715 634 202 745 199 675 644 540 40 411 176 509 426 660 802 391 195
1 649 715 40 176 391 901 513 68 243 776 479 528 270 195 202 634 745 768 311
1 649 715 176 958 528 325 40 243 751 265 202 683 479 199 347 16 742 745 933
1 649 528 715 634 176 660 378 658 202 41 89 345 395 40 305 833 958 325 699
1 649 528 715 634 660 40 658 644 833 202 391 503 411 68 366 409 263 760 856
1 649 528 634 660 644 202 745 378 658 199 853 977 143 267 509 426 106 833 736
1 649 528 202 745 199 715 634 509 40 660 812 166 675 356 426 176 644 411 106
1 649 715 528 40 176 634 195 368 580 243 722 122 397 202 644 660 658 754 479
1 649 715 528 634 660 644 658 176 411 474 366 552 853 378 272 908 243 958 409
1 649 715 40 528 176 195 391 958 79 901 634 513 644 437 546 819 325 74 922
1 649 528 634 715 660 644 176 411 658 243 853 40 474 552 958 391 272 195 908
1 649 528 715 40 634 644 853 391 660 202 176 958 325 378 41 745 540 802 68
1 649 715 176 528 40 958 391 634 202 195 745 901 540 722 513 56 368 458 199
1 649 528 634 715 202 176 745 243 540 802 751 265 458 660 619 479 725 868 482
1 649 715 40 391 901 68 516 772 776 188 176 513 437 834 243 768 94 284 943
1 649 715 40 391 68 901 768 776 270 834 528 835 516 176 513 601 284 208 634
1 649 528 715 202 634 199 509 812 166 836 660 658 745 176 378 809 461 675 244
1 649 715 528 202 40 195 722 447 176 122 634 583 745 660 644 368 938 142 658
1 649 715 528 202 176 634 644 958 243 479 311 660 853 977 751 237 378 282 658
1 649 528 634 644 715 411 552 660 176 202 658 378 243 40 365 267 41 71 678
1 649 715 40 528 195 202 368 580 745 754 176 551 634 722 958 79 458 200 142
1 649 528 202 745 458 748 540 3 693 802 991 791 199 413 153 715 294 634 644
1 649 528 715 176 202 243 751 40 745 265 482 634 391 195 660 901 368 458 658
1 649 715 40 528 391 901 202 176 243 195 745 479 311 540 796 87 68 634 802
1 649 715 528 202 199 40 391 176 675 195 368 356 722 680 745 634 122 397 509
1 649 715 176 958 79 243 479 742 751 841 40 566 391 265 555 113 311 933 704
1 649 528 715 40 202 199 634 660 658 366 195 745 368 644 675 411 474 580 244
1 649 528 715 202 745 199 458 48 706 964 121 521 675 228 133 176 40 195 67
1 649 528 202 745 634 540 693 413 982 644 853 977 429 794 143 179 736 802 715
1 649 528 634 202 660 658 715 745 199 378 458 509 48 176 366 760 644 853 540
1 649 528 715 634 176 644 411 40 202 853 199 509 977 143 552 429 736 794 958
1 649 715 176 243 479 528 958 311 796 79 742 325 924 739 559 310 202 841 199
1 649 528 634 660 378 267 715 644 41 89 345 305 699 886 71 411 384 502 474
1 649 715 528 40 391 68 516 776 270 834 195 772 202 368 142 901 176 220 768
1 649 528 634 660 202 199 658 366 760 833 745 715 675 176 507 644 503 431 540
1 649 528 202 715 176 40 243 195 634 479 745 458 199 391 722 368 447 675 122
1 649 715 40 176 195 722 122 397 368 938 186 588 243 479 743 895 580 144 551
1 649 715 528 40 634 195 644 368 580 853 551 202 722 262 667 745 447 757 754
1 649 528 634 660 644 378 267 71 658 366 41 411 89 474 202 409 733 699 886
1 649 715 528 40 634 644 195 411 368 853 552 977 391 202 429 68 176 142 794
1 649 528 715 634 660 202 745 644 378 199 540 176 509 802 411 41 458 243 748
1 649 715 40 195 391 68 528 634 722 644 853 447 516 772 660 378 267 202 776
1 649 528 634 644 853 411 202 199 675 262 17 552 244 365 373 474 547 977 272
1 649 715 528 40 176 195 391 368 634 660 142 202 297 644 378 68 199 516 94
1 649 528 202 199 509 812 426 836 461 861 381 745 227 166 675 540 987 244 940
1 649 528 715 202 40 634 745 199 391 675 176 195 244 901 722 368 660 349 378
1 649 715 528 40 202 176 745 634 195 722 368 199 447 391 583 142 540 644 411
1 649 528 202 715 199 745 509 426 176 243 479 598 742 534 812 106 836 247 879
1 649 528 634 660 378 715 202 40 391 901 768 644 267 513 437 68 195 56 925
1 649 715 40 391 176 528 634 958 660 658 325 901 366 409 760 683 310 927 507
1 649 528 634 644 202 853 660 411 715 262 745 17 474 977 547 552 458 429 40
1 649 715 40 195 391 901 176 368 722 122 958 79 68 513 437 938 56 925 325
1 649 528 715 202 199 176 243 675 751 509 265 958 347 244 532 745 698 812 619
1 649 715 40 195 368 528 202 199 722 122 938 391 447 176 186 611 580 675 757
1 649 715 176 40 195 368 528 243 142 722 297 391 634 114 958 580 854 884 644
1 649 528 202 745 199 509 675 356 401 458 127 812 702 748 663 3 301 965 426
1 649 715 528 634 660 40 658 195 391 378 901 202 41 368 199 675 68 644 244
1 649 715 176 40 243 195 528 202 368 634 660 199 675 745 391 458 48 244 356
1 649 528 202 745 634 458 748 644 660 3 153 715 294 411 658 140 671 540 40
1 649 715 40 391 176 68 958 79 901 516 528 94 325 202 745 423 683 801 240
1 649 528 202 715 176 745 540 693 802 725 314 199 458 675 36 340 484 634 783
1 649 715 40 528 391 202 634 644 68 853 199 660 776 516 378 658 41 509 176
1 649 715 40 195 368 391 528 68 634 142 176 202 901 199 243 768 958 751 265
1 649 715 528 40 634 644 176 195 660 411 722 447 243 658 366 760 479 833 122
1 649 528 202 634 660 199 378 267 658 509 366 644 71 409 745 577 853 540 802
1 649 528 202 745 715 634 199 644 411 458 660 540 474 547 117 382 383 675 176
1 649 715 176 958 528 243 79 325 683 16 575 202 648 955 643 844 161 456 14
1 649 528 202 199 675 634 745 244 660 356 509 658 366 409 426 812 836 401 448
1 649 715 40 391 176 528 202 958 79 745 243 195 722 258 922 540 459 68 516
1 649 715 528 634 202 644 411 660 745 474 40 458 195 658 748 3 199 722 153
1 649 528 715 176 243 40 634 958 202 195 391 660 79 199 901 722 368 447 513
1 649 528 202 715 40 199 745 634 660 195 675 378 368 142 540 356 458 549 580
1 649 715 40 176 528 958 391 243 479 79 68 311 516 901 768 195 202 634 284
1 649 715 528 176 40 391 958 325 195 310 634 746 901 722 683 659 79 258 16
1 649 528 715 202 199 634 509 176 660 644 658 812 853 262 745 243 17 373 958
1 649 715 176 528 202 634 40 745 540 644 458 660 748 658 366 833 378 243 199
1 649 528 715 176 243 958 325 683 801 751 804 202 482 310 942 185 634 307 40
1 649 715 176 958 243 479 751 79 265 528 619 634 482 258 202 644 347 422 660
1 649 528 634 644 715 176 202 243 958 751 745 458 660 265 619 540 748 853 262
1 649 528 634 202 644 853 715 977 411 199 429 660 474 707 143 572 974 509 818
1 649 528 715 176 40 634 202 195 958 243 479 660 745 751 658 265 311 742 722
1 649 528 202 199 715 509 634 176 40 745 458 391 48 675 748 958 125 706 243
1 649 715 176 958 243 479 311 237 742 841 282 933 704 40 391 394 528 901 363
1 649 715 528 202 634 176 199 243 675 745 540 244 693 802 448 644 40 195 413
1 649 715 176 958 528 634 325 243 751 202 310 746 659 178 745 683 801 357 540
1 649 715 528 176 40 195 202 634 368 199 509 958 79 675 745 426 540 660 378
1 649 528 202 199 509 745 426 458 715 176 634 40 675 243 244 391 48 598 644
1 649 715 40 528 391 195 202 368 580 142 549 745 176 634 458 722 68 644 776
1 649 715 40 528 391 901 195 634 368 68 644 176 202 745 243 458 722 447 513
1 649 528 715 202 176 958 79 745 258 458 199 288 675 40 325 48 195 718 243
1 649 715 176 40 391 901 768 284 44 68 533 776 719 958 195 79 368 580 142
1 649 528 634 202 199 745 540 802 158 55 693 644 725 413 991 36 314 411 135
1 649 528 634 715 40 644 411 552 391 202 745 272 474 458 48 547 901 660 365
1 649 528 715 40 195 391 176 68 516 772 776 958 79 94 922 459 634 232 325
1 649 715 40 391 176 528 68 516 958 901 243 634 751 513 265 660 772 325 202
1 649 528 715 202 176 40 243 958 195 745 79 479 391 458 751 482 68 199 901
1 649 528 634 660 658 378 202 644 199 267 411 552 366 715 41 853 833 503 675
1 649 715 176 40 528 958 391 79 901 325 310 258 683 16 801 844 746 422 922
1 649 715 176 528 634 958 202 40 391 199 509 675 745 68 243 660 458 426 356
1 649 528 634 202 745 715 176 243 479 199 540 958 40 693 802 675 244 742 933
1 649 528 202 199 745 509 540 426 715 106 40 391 458 195 675 244 901 176 448
1 649 715 40 391 901 768 68 284 513 719 601 897 334 776 195 516 485 368 235
1 649 528 202 715 745 176 40 540 634 458 748 3 48 660 195 658 802 791 958
1 649 528 715 176 202 958 745 243 458 325 683 540 479 79 16 801 258 751 40
1 649 528 715 202 199 176 509 426 634 660 243 751 644 265 658 619 675 366 598
1 649 715 40 391 195 368 901 722 528 68 513 437 776 122 834 220 142 516 938
1 649 715 528 202 176 199 509 243 812 40 745 479 675 356 958 325 634 644 79
1 649 528 202 634 715 660 199 658 378 833 267 644 71 263 41 993 853 40 675
1 649 528 715 202 176 958 199 634 79 325 509 40 644 853 310 391 977 675 429
1 649 715 528 176 243 751 479 958 742 265 619 841 482 691 283 634 523 660 110
1 649 528 634 660 202 745 644 853 199 411 262 552 658 977 474 667 429 272 365
1 649 528 202 634 644 853 715 977 143 736 541 199 429 818 962 794 675 244 448
1 649 715 176 528 202 243 958 40 751 479 742 79 195 325 311 265 310 922 815
1 649 528 634 660 644 378 658 853 833 262 977 41 143 263 429 522 962 729 503
1 649 528 634 715 202 199 176 243 751 958 265 660 479 482 325 691 745 619 742
1 649 528 715 40 195 722 122 176 368 938 447 583 958 397 186 588 142 342 724
1 649 715 528 202 176 958 325 79 745 40 458 540 48 199 258 922 459 195 722
1 649 528 202 634 644 715 199 40 745 660 195 176 853 262 675 458 667 540 368
1 649 528 634 715 40 660 202 176 378 958 79 658 391 243 922 833 325 901 258
1 649 715 40 528 195 722 202 176 391 243 479 68 958 742 751 634 660 841 265
1 649 715 176 528 243 40 202 745 540 458 748 3 634 195 153 802 644 411 725
1 649 715 528 634 202 40 391 901 644 660 853 768 262 176 284 243 479 742 513
1 649 715 176 528 958 79 243 40 195 479 368 325 580 683 801 754 142 391 25
1 649 715 528 634 40 195 368 176 958 580 551 202 199 660 325 644 658 411 142
1 649 715 528 40 176 195 634 660 644 658 833 411 366 853 474 977 552 378 41
1 649 715 40 528 634 202 745 391 660 68 540 458 693 901 991 748 658 413 366
1 649 715 176 958 528 634 202 243 660 378 79 479 325 922 742 40 258 841 751
1 649 528 715 40 391 202 195 368 722 901 768 580 176 513 447 745 199 551 583
1 649 528 715 40 391 68 195 202 516 901 634 772 722 188 860 368 513 387 447
1 649 528 634 660 378 267 715 41 71 89 993 678 644 699 658 733 366 444 384
1 649 715 528 40 176 243 751 265 391 202 619 958 79 745 479 258 347 540 922
1 649 715 176 243 751 482 958 79 248 265 479 922 742 325 815 13 311 459 683
1 649 528 202 745 458 634 644 540 660 748 125 853 658 85 802 693 104 11 378
1 649 528 202 715 199 176 40 243 391 509 751 482 195 722 447 901 265 691 634
1 649 715 176 40 243 528 479 634 958 660 311 378 325 310 391 79 742 746 933
1 649 715 176 958 79 528 202 199 509 812 40 922 243 479 742 634 195 166 809
1 649 715 176 243 479 528 751 634 482 202 691 821 831 265 311 756 644 917 347
1 649 715 528 176 243 751 40 202 745 265 482 195 479 540 958 391 199 901 79
1 649 715 528 634 40 195 202 199 391 901 660 68 513 378 56 176 243 675 244
1 649 715 176 528 40 634 660 658 195 368 378 267 243 71 993 142 297 751 265
1 649 528 202 715 199 509 745 634 675 426 540 106 644 879 802 176 40 958 243
1 649 528 634 660 202 715 199 644 745 658 40 411 853 833 474 509 707 391 552
1 649 528 634 660 658 833 366 503 968 409 568 419 378 644 431 115 263 411 149
1 649 528 634 202 644 660 715 378 853 262 411 474 41 552 667 707 272 365 236
1 649 715 528 176 243 958 634 751 644 660 658 366 202 411 552 479 311 796 760
1 649 715 176 40 958 391 195 79 922 368 580 722 528 68 447 202 776 757 754
1 649 528 715 202 634 176 644 660 378 199 745 540 458 41 958 853 802 325 693
1 649 715 40 391 68 176 958 195 243 479 722 447 901 79 742 516 583 311 768
1 649 715 40 391 68 776 270 528 195 208 835 834 623 901 574 894 455 220 516
1 649 528 202 745 634 540 199 660 509 715 40 658 675 644 244 812 366 448 176
1 649 528 634 202 745 715 644 660 411 552 272 853 458 176 48 706 262 243 977
1 649 528 715 176 634 40 958 195 722 660 79 922 815 325 243 751 447 644 122
1 649 528 634 660 715 658 40 833 503 391 68 901 202 513 516 968 644 768 199
1 649 528 634 644 715 660 40 658 176 202 378 366 760 41 243 927 195 267 853
1 649 715 528 634 202 199 745 540 509 426 644 853 458 176 106 660 378 411 41
1 649 528 715 40 176 202 634 195 368 660 644 411 199 658 552 378 365 41 510
1 649 528 715 634 176 644 660 243 853 958 79 378 267 977 993 40 202 922 751
1 649 715 40 195 528 634 644 176 202 722 199 958 745 509 540 853 447 693 802
1 649 715 528 176 202 199 40 509 426 106 634 812 391 675 745 644 243 411 598
1 649 715 528 40 391 634 644 411 474 552 202 660 658 853 745 262 68 199 540
1 649 715 176 528 243 40 958 79 922 479 311 325 237 202 683 199 459 745 675
1 649 715 176 958 40 195 243 722 368 79 258 325 751 447 422 757 391 528 142
1 649 528 202 715 176 958 325 634 683 16 844 79 243 456 40 199 49 575 258
1 649 715 528 202 199 634 644 411 40 853 262 745 176 660 391 958 509 458 243
1 649 715 528 634 644 853 262 977 176 411 143 202 958 660 40 378 745 199 509
1 649 715 528 202 176 958 79 258 634 644 288 970 545 278 635 146 660 378 123
1 649 528 715 634 644 202 176 199 509 243 812 958 40 660 853 411 391 658 68
1 649 528 202 715 634 199 675 176 243 958 79 258 509 751 265 922 815 347 426
1 649 715 176 40 958 195 79 922 815 971 459 313 258 302 763 372 288 415 528
1 649 715 176 958 325 683 79 16 801 310 746 243 751 258 659 844 422 922 482
1 649 715 40 195 528 391 901 722 447 176 583 634 250 757 483 768 202 243 726
1 649 715 176 40 958 243 195 479 368 325 722 751 580 122 754 25 397 551 391
1 649 528 634 660 378 658 202 267 199 509 71 833 993 366 760 675 636 207 75
1 649 715 176 40 391 195 243 368 958 751 265 901 479 79 922 347 513 325 528
1 649 715 528 634 660 644 176 958 40 325 853 79 195 683 202 258 199 262 977
1 649 528 202 715 199 509 745 675 40 458 195 176 48 722 812 356 368 706 122
1 649 715 528 176 634 202 199 675 244 644 958 509 411 349 474 325 426 375 598
1 649 715 40 195 722 122 176 447 757 368 243 391 142 68 958 938 549 787 528
1 649 528 715 634 202 199 509 40 812 391 745 836 461 901 675 176 513 293 437
1 649 528 715 176 243 958 325 202 79 258 199 288 718 922 815 459 40 310 185
1 649 528 634 202 715 660 644 411 40 378 658 853 267 993 176 977 243 474 751
1 649 528 634 660 644 658 378 833 366 503 968 715 41 853 431 267 824 409 593
1 649 715 528 634 202 176 958 660 243 325 40 479 742 683 933 195 841 378 391
1 649 528 634 644 202 411 199 509 812 660 474 675 378 552 707 365 272 853 572
1 649 715 40 528 176 195 722 634 644 243 447 660 479 757 583 742 202 378 368
1 649 528 202 199 745 458 675 748 48 244 356 3 540 121 715 54 791 176 125
1 649 528 202 715 176 958 79 325 634 310 644 922 660 853 185 746 459 840 173
1 649 528 634 644 411 474 707 715 547 40 382 383 552 572 685 367 365 660 695
1 649 715 176 243 479 528 634 660 742 644 933 363 853 411 977 474 12 658 552
1 649 715 176 958 325 310 79 528 746 659 634 40 644 922 243 815 971 178 853
1 649 528 634 660 378 41 644 411 715 267 71 474 853 552 262 667 658 40 89
1 649 715 40 176 528 391 202 745 540 199 243 195 802 68 368 509 516 722 776
1 649 528 202 715 199 509 176 426 598 243 534 958 675 356 401 244 325 79 683
1 649 715 528 634 660 202 40 391 378 68 901 195 644 776 270 658 411 176 267
1 649 715 528 202 176 745 243 479 199 540 958 40 751 311 325 683 16 310 693
1 649 715 176 958 325 528 634 660 40 683 79 16 195 368 258 310 922 746 422
1 649 528 202 715 745 458 40 634 199 48 509 675 195 176 644 244 391 706 853
1 649 715 528 634 176 243 751 479 958 742 265 202 311 40 933 237 644 745 347
1 649 528 202 634 644 715 40 853 977 660 658 833 411 429 552 365 503 378 176
1 649 528 634 202 745 660 644 199 853 977 378 715 658 262 429 540 667 962 858
1 649 715 528 202 40 199 195 722 368 634 122 938 580 176 243 958 325 551 683
1 649 715 40 195 391 368 901 722 513 528 202 142 297 176 114 580 102 745 243
1 649 528 202 715 745 199 40 540 509 391 634 195 722 660 378 812 693 426 458
1 649 528 715 40 195 634 368 142 644 580 202 745 176 243 754 551 660 722 958
1 649 528 202 745 458 540 802 693 413 158 725 991 994 300 715 40 55 586 887
1 649 715 528 176 634 243 479 742 933 311 40 660 202 841 995 199 363 796 435
1 649 528 715 176 243 634 660 658 40 958 391 325 644 833 683 366 901 310 195
1 649 715 176 40 391 901 513 243 479 56 768 201 194 38 195 528 368 142 642
1 649 715 40 391 901 768 195 601 176 68 722 235 189 508 122 513 7 708 103
1 649 528 715 202 176 243 745 751 199 958 458 479 482 325 509 742 841 79 40
1 649 715 528 40 634 202 745 660 378 41 540 176 391 195 89 901 345 722 395
1 649 528 202 745 540 693 634 458 991 48 715 199 40 300 413 195 135 802 368
1 649 715 40 176 243 958 751 325 265 310 391 185 746 195 709 347 683 722 217
1 649 715 176 958 79 528 325 40 634 202 195 660 378 644 258 267 368 683 658
1 649 715 528 40 202 391 176 68 199 958 634 243 776 751 516 772 479 195 675
1 649 528 715 40 634 660 391 658 901 378 68 776 270 208 833 513 835 41 623
1 649 715 40 195 722 176 958 528 391 243 447 68 583 479 634 660 726 325 310
1 649 528 202 634 199 745 675 644 411 458 540 474 715 176 547 693 660 48 413
1 649 715 528 202 176 958 634 644 325 683 243 411 801 804 79 479 40 16 575
1 649 528 634 202 745 644 199 509 540 693 991 413 994 411 812 426 982 675 244
1 649 715 528 176 634 644 40 660 378 202 853 199 262 667 17 195 267 858 30
1 649 715 40 195 176 243 528 751 482 722 248 122 691 368 265 938 347 186 397
1 649 528 634 644 660 658 411 833 474 707 202 263 715 522 366 853 176 409 287
1 649 715 176 528 202 958 243 79 258 751 634 288 265 644 479 482 853 977 347
1 649 528 715 634 644 411 40 202 660 853 745 977 176 378 41 658 89 429 552
1 649 715 40 391 68 516 772 860 94 901 513 768 716 32 776 273 195 576 834
1 649 715 176 40 391 901 513 958 528 68 195 768 601 376 776 834 220 1000 243
1 649 715 40 391 68 195 722 776 176 901 122 368 834 447 270 243 837 938 751
1 649 528 202 745 199 509 715 540 693 176 991 40 391 243 634 644 426 300 853
1 649 528 202 715 40 391 901 199 768 68 509 426 106 745 176 776 243 751 479
1 649 528 202 199 634 715 675 644 40 356 660 658 244 401 448 813 195 391 6
1 649 528 202 715 199 634 644 675 40 176 745 958 853 243 262 17 751 244 482
1 649 528 634 644 202 715 176 40 199 391 243 745 458 48 853 479 742 311 751
1 649 528 202 199 509 745 540 458 693 991 135 48 121 715 748 766 40 67 426
1 649 715 528 634 644 660 176 243 202 853 658 40 958 833 745 262 199 667 263
1 649 528 634 715 644 202 853 977 143 660 745 411 429 458 736 818 552 843 540
1 649 528 202 745 634 644 715 199 458 748 540 411 693 3 125 176 243 660 479
1 649 528 715 176 243 958 202 634 479 325 683 644 751 265 311 745 411 540 660
1 649 528 715 202 634 199 745 660 540 378 644 509 458 812 802 693 836 48 166
1 649 715 176 528 202 958 243 199 675 40 325 745 356 540 680 693 634 644 683
1 649 528 202 745 199 715 40 195 176 722 391 68 776 270 958 122 447 79 922
1 649 715 40 391 68 516 176 195 528 776 772 188 368 94 142 834 860 387 243
1 649 715 176 958 243 479 742 528 202 199 311 79 751 841 922 40 745 458 933
1 649 528 202 715 176 199 509 745 40 391 426 598 675 356 534 561 243 401 880
1 649 528 715 176 243 202 634 40 644 751 265 619 660 316 199 195 479 509 853
1 649 528 634 644 660 715 176 40 202 243 745 479 199 853 262 977 143 742 818
1 649 528 715 202 634 199 40 745 195 644 540 368 142 411 297 552 176 474 547
1 649 715 528 40 202 745 391 199 458 675 195 901 768 748 356 540 680 513 620
1 649 528 634 660 715 378 41 176 267 71 202 89 40 636 733 958 243 678 745
1 649 528 715 634 40 391 195 68 901 722 202 644 776 447 411 176 516 958 199
1 649 715 528 176 243 958 751 265 202 347 79 532 745 199 482 619 698 691 509
1 649 528 634 715 176 40 243 958 751 265 347 79 482 258 422 721 22 80 139
1 649 715 528 634 40 202 199 660 745 458 509 391 675 748 244 356 48 540 658
1 649 528 634 202 199 660 715 509 745 458 378 748 644 411 125 812 552 267 853
1 649 528 715 176 958 79 922 202 634 745 458 459 199 243 540 40 815 573 840
1 649 715 176 40 528 243 202 634 199 509 958 745 79 751 922 644 853 391 540
1 649 715 528 40 195 202 634 722 644 391 368 580 199 901 551 68 516 94 754
1 649 715 528 40 634 644 660 176 378 41 267 195 658 993 71 109 686 833 722
1 649 528 634 202 715 644 176 660 40 853 195 391 262 958 325 17 901 745 368
1 649 528 715 176 958 243 40 202 391 479 745 195 325 742 722 751 122 311 397
1 649 715 176 528 243 479 742 841 958 933 566 40 363 634 195 751 722 113 660
1 649 528 634 660 658 202 745 833 503 366 968 824 540 378 409 644 41 431 593
1 649 528 715 202 199 509 675 176 812 836 745 166 461 861 634 293 809 243 479
1 649 528 202 745 540 802 199 458 748 125 509 634 608 775 426 85 672 715 979
1 649 528 634 644 660 202 378 41 411 715 658 40 474 391 68 267 547 176 243
1 649 715 40 528 391 634 202 195 660 199 368 901 176 243 513 675 580 378 509
1 649 528 202 715 176 199 509 40 958 79 243 479 751 742 841 812 258 311 195
1 649 528 202 634 660 378 41 678 89 658 765 345 395 699 956 154 886 384 833
1 649 528 715 176 958 40 79 258 922 243 195 459 763 422 721 202 288 848 391
1 649 528 202 634 715 660 378 176 745 540 693 644 458 411 41 267 413 71 199
1 649 715 528 202 745 540 40 391 802 176 158 458 55 68 901 725 36 776 634
1 649 528 634 644 660 411 658 474 202 366 552 409 419 853 577 749 262 17 439
1 649 715 176 958 243 325 479 683 528 634 742 202 841 745 660 16 199 933 79
1 649 715 176 40 528 391 958 325 634 683 801 16 660 378 195 427 368 658 580
1 649 715 528 176 958 325 79 310 634 922 683 40 258 391 195 202 745 901 288
1 649 715 176 243 479 311 528 796 751 924 237 40 391 202 195 901 634 68 742
1 649 528 202 715 40 634 660 745 378 658 267 199 458 176 540 644 693 853 802
1 649 715 40 528 391 202 199 634 195 68 368 516 176 776 94 675 644 745 901
1 649 715 176 958 79 922 243 459 40 479 763 751 482 617 258 815 248 33 391
1 649 528 715 202 199 509 745 675 812 40 244 540 426 458 802 356 106 391 166
1 649 715 40 528 391 195 368 580 142 68 297 202 114 722 122 397 199 901 745
1 649 528 202 745 715 40 540 199 634 195 368 509 426 812 693 722 122 166 802
1 649 715 528 634 176 660 378 267 202 658 644 199 411 509 552 812 833 993 745
1 649 528 202 634 644 411 199 853 262 474 552 509 547 715 17 707 745 272 667
1 649 528 634 644 715 40 411 552 272 365 202 195 266 368 176 580 908 142 754
1 649 715 176 528 634 644 411 552 40 660 853 658 272 262 474 195 547 366 760
1 649 528 202 745 199 715 675 356 540 458 802 158 748 725 36 3 48 125 40
1 649 715 176 243 528 634 644 751 660 479 40 311 195 658 366 411 409 265 378
1 649 528 202 634 199 509 675 356 715 40 401 195 660 680 644 853 411 378 176
1 649 528 634 202 644 411 552 715 176 40 474 745 391 243 660 272 479 547 658
1 649 528 634 715 40 644 660 202 176 853 262 411 17 243 667 373 627 231 977
1 649 715 528 176 40 391 202 901 68 199 516 509 513 675 244 745 94 437 349
1 649 528 715 176 634 202 243 660 658 366 760 927 751 911 507 745 958 744 458
1 649 715 528 202 40 634 195 368 745 580 458 748 176 722 540 243 802 725 751
1 649 528 634 660 378 658 715 267 644 40 195 391 366 411 853 71 760 474 507
1 649 715 176 40 391 901 68 958 325 310 195 185 776 709 270 516 368 208 834
1 649 715 528 176 202 745 458 243 751 40 958 79 540 693 479 802 991 725 634
1 649 715 176 243 40 391 195 958 722 528 368 751 482 901 513 634 325 683 691
1 649 528 634 202 715 199 675 356 660 176 644 40 401 658 127 509 391 426 853
1 649 715 40 195 368 580 722 142 122 938 528 297 551 391 68 776 611 854 901
1 649 528 202 745 540 634 693 991 715 300 52 40 118 135 766 660 176 205 632
1 649 528 202 634 715 199 176 509 243 812 40 644 675 479 660 311 426 356 195
1 649 528 715 40 391 195 722 447 757 901 122 768 727 634 938 611 186 284 368
1 649 715 40 195 391 901 68 768 722 513 447 56 528 757 727 776 284 583 122
1 649 528 715 202 634 176 660 745 40 391 458 199 48 378 706 540 901 68 768
1 649 715 528 176 958 325 243 310 185 746 217 40 493 709 659 391 479 742 777
1 649 528 634 715 176 958 325 644 683 801 310 243 40 202 853 751 16 199 509
1 649 715 528 40 202 391 745 901 458 768 748 48 706 176 228 199 509 121 540
1 649 715 40 195 391 68 368 516 901 528 580 768 772 188 776 754 513 860 551
1 649 715 176 958 79 40 258 922 815 459 840 573 288 763 718 617 195 470 99
1 649 715 528 40 202 176 243 634 745 660 199 458 48 509 751 658 644 265 482
1 649 715 40 195 528 722 447 757 176 243 391 68 901 727 634 644 368 142 583
1 649 528 634 660 715 378 176 644 243 411 552 41 658 202 272 618 267 993 958
1 649 715 528 634 176 202 644 243 199 751 411 958 745 509 40 660 391 540 482
1 649 528 202 199 715 675 40 745 195 391 68 516 458 634 748 722 244 660 94
1 649 715 528 176 958 634 660 202 40 644 79 658 199 195 391 675 68 243 509
1 649 715 528 176 958 325 243 479 634 311 237 907 310 796 810 782 746 79 682
1 649 528 715 176 40 243 479 391 311 958 796 924 195 559 739 202 745 929 368
1 649 528 202 745 199 634 458 675 244 509 48 121 748 644 356 349 853 125 426
1 649 715 176 40 243 751 958 195 482 79 265 325 248 528 631 348 391 684 310
1 649 528 202 745 634 540 660 458 715 176 658 378 644 243 748 411 479 552 365
1 649 715 40 176 391 958 79 195 901 68 528 516 368 634 513 94 56 580 232
1 649 528 634 660 644 658 715 202 176 199 853 262 378 41 509 243 17 267 751
1 649 715 40 391 176 68 195 776 270 834 220 958 516 901 513 79 94 1000 243
1 649 528 202 715 634 199 675 509 176 356 401 40 660 391 426 556 658 745 644
1 649 715 40 176 243 528 391 751 482 479 202 248 311 634 237 907 796 810 282
1 649 715 40 528 176 195 391 202 199 901 768 509 513 722 634 644 368 812 411
1 649 715 528 634 644 176 243 853 660 479 202 658 378 366 977 311 745 833 796
1 649 715 528 202 634 199 176 644 509 411 958 812 426 325 243 675 79 40 660
1 649 528 634 660 715 202 40 378 267 745 658 176 833 458 199 366 748 195 675
1 649 528 634 202 644 853 977 199 675 244 349 356 660 658 262 745 833 509 17
1 649 528 634 644 715 40 176 958 79 243 922 660 258 479 202 378 742 745 267
1 649 715 528 202 745 176 634 243 458 751 48 121 199 67 660 506 958 921 748
1 649 528 715 176 243 40 202 958 634 199 751 195 325 722 391 68 479 311 516
1 649 715 176 958 528 202 745 458 79 48 243 922 706 479 634 540 802 748 964
1 649 715 40 528 634 202 660 745 378 199 458 176 644 658 958 195 391 41 89
1 649 715 528 634 40 660 644 658 833 202 195 368 411 391 901 176 199 366 503
1 649 528 202 199 745 715 540 693 802 158 634 509 644 426 40 660 853 991 725
1 649 715 528 634 660 202 745 199 540 675 378 458 41 176 267 658 678 993 610
1 649 715 40 195 528 202 368 634 176 199 142 297 722 122 509 745 391 426 397
1 649 715 176 243 40 391 195 958 722 447 479 751 122 938 325 611 901 528 634
1 649 715 528 202 176 634 199 958 79 40 509 195 325 660 426 675 368 722 258
1 649 715 40 195 722 528 202 368 199 176 580 745 391 551 122 938 447 825 540
1 649 715 40 528 634 391 202 745 199 644 176 458 509 243 479 742 311 748 841
1 649 528 634 644 660 378 41 411 474 658 267 853 71 833 89 547 345 262 993
1 649 715 40 528 195 176 202 722 958 325 634 122 660 658 833 310 185 307 263
1 649 528 715 202 176 243 634 40 660 958 658 751 745 195 366 479 368 311 378
1 649 715 176 40 958 528 195 368 142 580 243 551 79 722 479 922 391 549 634
1 649 715 176 243 528 751 482 634 660 658 378 958 644 325 248 202 41 79 89
1 649 715 528 202 634 660 199 644 745 411 509 40 658 853 540 366 552 409 675
1 649 528 634 644 660 378 267 658 202 853 411 552 199 977 474 547 117 365 745
1 649 528 202 715 634 644 176 958 411 325 40 474 243 745 310 458 552 391 195
1 649 715 528 202 199 675 509 40 176 634 356 244 401 195 448 812 680 333 391
1 649 715 40 391 68 516 776 834 220 261 528 901 159 837 670 674 4 108 136
1 649 715 40 528 176 958 243 751 265 479 634 742 933 660 347 532 644 995 619
1 649 715 176 528 202 958 745 40 325 391 901 513 199 540 693 79 437 802 546
1 649 715 176 40 958 391 901 528 768 79 195 513 202 199 258 68 922 56 422
1 649 715 40 176 391 195 368 528 202 745 634 142 580 660 901 68 658 366 958
1 649 528 715 176 202 745 958 40 199 243 195 722 479 540 509 391 634 458 368
1 649 528 715 634 176 202 199 660 243 40 391 958 901 195 325 513 368 644 683
1 649 528 202 745 458 634 660 199 48 121 540 693 802 748 413 125 378 658 67
1 649 528 634 644 411 552 660 272 202 365 715 510 442 474 73 266 891 547 468
1 649 715 40 528 176 243 634 751 482 958 265 79 619 644 868 347 755 486 411
1 649 528 634 202 644 660 658 833 411 199 675 378 244 853 448 41 333 366 760
1 649 715 176 528 202 40 958 199 745 540 391 675 509 634 812 243 68 244 693
1 649 715 40 195 368 722 580 754 25 122 142 551 938 391 91 98 397 24 447
1 649 528 202 745 540 715 40 634 693 176 660 802 413 658 644 158 586 195 438
1 649 528 715 40 176 958 325 634 79 683 258 801 427 310 660 804 185 288 644
1 649 528 634 660 658 366 378 715 267 833 40 202 41 760 507 745 176 409 958
1 649 715 176 40 528 634 195 722 368 447 243 751 202 142 644 745 391 479 742
1 649 715 40 195 176 722 958 122 79 397 391 403 325 68 901 310 2 922 447
1 649 715 176 243 479 528 742 933 751 311 796 995 841 265 924 87 958 634 435
1 649 528 202 634 715 199 660 644 378 853 509 262 41 667 678 858 765 411 977
1 649 715 176 528 243 40 751 265 195 479 722 958 347 311 482 325 122 683 202
1 649 528 634 644 660 658 202 833 263 378 522 715 729 40 411 552 745 391 540
1 649 715 528 176 243 751 479 265 634 202 958 644 619 79 347 40 922 391 325
1 649 715 176 958 528 325 202 683 243 16 199 40 391 901 68 776 513 634 479
1 649 528 715 202 40 391 901 745 458 195 368 768 540 68 580 722 802 776 516
1 649 528 715 634 40 195 391 901 722 122 644 768 601 447 376 757 727 397 445
1 649 528 202 715 199 675 356 176 680 745 401 673 634 660 243 958 424 378 644
1 649 715 176 958 528 325 79 40 922 815 634 310 243 751 746 971 185 482 265
1 649 528 715 634 40 391 68 901 776 270 660 834 208 658 837 195 768 88 833
1 649 715 40 195 368 142 391 68 176 722 528 243 634 580 901 447 479 757 513
1 649 528 715 176 40 243 958 195 634 751 368 479 325 265 683 722 391 311 79
1 649 528 634 660 378 658 833 202 366 263 199 715 40 176 243 479 391 267 856
1 649 715 176 243 479 958 751 79 258 311 40 528 422 634 237 660 907 322 378
1 649 715 176 958 325 528 310 634 243 185 79 258 422 683 801 751 660 658 721
1 649 528 634 660 644 658 715 366 833 202 745 853 40 977 458 176 48 143 378
1 649 528 202 634 660 745 644 199 540 802 458 378 693 675 48 41 991 658 356
1 649 528 202 715 40 176 391 958 79 745 258 540 68 922 901 458 325 288 970
1 649 528 634 660 658 202 366 199 409 419 229 760 715 602 441 871 361 745 857
1 649 528 715 176 634 202 745 958 243 40 458 479 79 660 311 751 237 391 325
1 649 528 634 202 199 745 675 715 540 644 509 411 474 458 176 48 812 693 166
1 649 715 176 958 325 79 683 922 40 16 801 844 804 942 528 152 14 258 310
1 649 715 176 958 243 479 528 202 745 79 634 458 258 48 540 706 228 40 195
1 649 528 634 660 202 715 378 40 195 41 644 745 540 411 267 199 722 391 89
1 649 715 528 634 176 243 202 745 458 40 751 540 479 195 199 311 48 660 482
1 649 528 634 202 715 199 745 675 356 401 644 556 176 853 613 317 244 958 127
1 649 528 634 715 176 958 325 79 243 751 40 202 922 660 815 378 658 459 683
1 649 528 202 745 458 199 715 748 634 540 644 3 791 675 802 244 153 448 349
1 649 715 176 528 202 40 391 958 68 745 901 458 768 516 540 284 772 802 243
1 649 528 202 634 745 540 458 660 378 199 509 644 658 812 836 366 166 853 940
1 649 528 634 715 202 660 658 366 199 644 675 409 378 267 760 833 71 853 356
1 649 715 528 634 202 40 176 243 660 958 644 391 479 311 742 658 841 195 411
1 649 715 528 634 644 853 411 552 660 272 365 658 202 618 46 199 176 262 908
1 649 528 634 715 176 40 391 195 68 243 751 958 660 644 853 901 262 265 658
1 649 528 202 199 634 644 745 675 540 509 802 725 158 314 586 693 36 340 660
1 649 528 634 202 644 853 977 199 143 429 509 675 962 762 426 812 660 836 736
1 649 715 176 528 243 751 634 958 325 310 660 378 644 411 79 267 552 474 707
1 649 715 528 176 202 243 751 958 79 479 199 325 310 922 459 745 311 237 540
1 649 528 202 199 675 509 244 426 812 349 634 375 836 461 715 293 40 176 381
1 649 528 715 40 634 391 660 202 745 176 378 958 243 458 267 993 912 644 540
1 649 528 202 745 715 40 176 195 368 540 634 722 122 580 447 693 958 660 802
1 649 715 176 958 528 40 243 634 202 660 325 658 310 745 479 833 742 746 366
1 649 528 715 176 40 202 199 391 509 812 166 836 809 68 861 336 987 590 380
1 649 528 715 634 40 202 745 644 660 378 176 391 243 751 482 199 267 68 411
1 649 528 634 715 176 644 411 40 391 958 853 660 901 658 325 366 310 977 202
1 649 528 715 634 660 176 40 378 41 243 958 678 644 610 639 658 195 366 765
1 649 715 528 176 202 243 479 311 796 751 199 509 742 958 426 106 268 40 812
1 649 715 528 202 199 675 356 509 176 812 426 958 166 809 106 836 590 325 940
1 649 715 176 243 958 528 479 325 79 683 311 258 742 933 363 40 202 288 801
1 649 715 176 243 958 40 79 528 922 479 751 202 195 815 199 745 458 573 258
1 649 715 40 528 202 391 68 776 634 901 660 745 516 540 834 220 837 458 772
1 649 715 176 528 958 243 479 634 40 391 660 325 742 378 267 79 195 658 901
1 649 528 202 634 745 715 176 540 660 199 802 644 411 158 675 356 243 55 958
1 649 528 634 202 745 715 199 176 660 958 644 458 748 3 48 540 325 683 243
1 649 528 202 634 660 378 715 176 267 40 745 195 993 391 68 912 368 658 722
1 649 715 528 202 745 176 458 634 644 40 540 411 693 853 391 243 479 199 509
1 649 715 528 634 660 40 378 195 644 722 411 447 202 853 658 757 833 267 391
1 649 528 202 715 176 745 199 458 243 40 479 311 796 509 426 195 237 907 742
1 649 528 715 176 40 243 958 195 325 368 310 479 580 202 185 311 754 634 551
1 649 528 715 202 634 745 199 458 509 40 660 195 540 378 658 176 812 267 48
1 649 528 634 660 658 378 644 202 745 715 199 411 474 366 853 552 707 287 547
1 649 528 634 644 853 411 660 977 658 143 833 262 378 41 267 71 17 89 366
1 649 715 40 195 176 368 722 447 580 528 583 757 122 250 142 202 634 551 199
1 649 715 40 195 391 528 68 634 722 176 368 580 243 901 776 660 551 513 658
1 649 528 202 634 660 644 715 658 745 540 366 378 41 409 458 48 40 853 199
1 649 715 528 202 634 176 199 509 958 243 812 426 675 644 244 751 853 106 325
1 649 715 40 195 368 142 722 122 938 611 447 757 297 504 397 144 583 726 186
1 649 715 176 243 958 325 751 482 248 691 13 81 79 922 303 414 18 225 677
1 649 528 202 199 675 745 244 448 715 349 540 509 333 252 802 693 634 660 375
1 649 528 634 202 745 540 644 715 802 411 176 853 552 158 262 693 40 977 243
1 649 715 176 528 634 660 658 40 366 391 760 901 202 644 833 243 503 751 409
1 649 528 202 199 745 634 715 458 48 176 675 540 244 802 356 509 706 680 660
1 649 715 528 40 391 901 768 176 68 776 513 634 660 516 772 644 834 270 837
1 649 715 40 528 202 634 644 391 68 195 368 722 176 411 580 142 754 296 901
1 649 715 528 634 40 391 660 68 202 901 513 195 722 745 768 658 458 516 748
1 649 528 715 176 40 391 901 243 751 482 513 202 195 479 68 368 580 742 516
1 649 715 176 528 40 195 202 243 958 368 479 634 580 142 79 644 551 199 742
1 649 528 715 202 40 199 634 644 411 675 391 901 745 552 356 853 401 176 660
1 649 528 202 199 715 675 40 509 356 401 426 634 391 660 812 644 106 195 411
1 649 528 715 634 176 202 745 660 644 411 552 365 510 378 272 199 509 540 693
1 649 528 202 634 745 540 693 715 176 458 40 391 243 199 413 991 48 982 751
1 649 715 528 202 199 675 176 40 745 356 680 391 243 540 401 127 673 702 663
1 649 715 176 243 479 958 311 742 528 237 841 907 322 751 566 555 265 619 253
1 649 528 202 199 509 745 540 802 675 426 693 991 812 715 40 836 244 300 861
1 649 528 715 176 634 660 658 958 40 644 243 833 325 391 366 760 202 409 901
1 649 528 634 715 40 644 853 176 977 195 391 243 202 751 411 552 199 68 509
1 649 528 634 202 745 199 644 509 853 675 458 715 356 540 660 40 812 262 658
1 649 528 715 634 202 644 660 745 458 378 658 267 40 540 195 41 89 199 802
1 649 715 176 528 40 195 243 722 958 447 202 122 757 199 759 325 745 664 938
1 649 715 40 195 722 391 176 368 243 580 122 479 958 142 751 482 754 691 901
1 649 528 715 202 176 958 634 644 243 751 745 479 411 311 265 347 532 698 325
1 649 528 202 715 176 958 79 40 922 391 258 901 513 459 768 634 243 288 718
1 649 715 40 195 176 528 202 199 634 509 812 745 243 644 722 166 751 809 836
1 649 715 176 243 528 634 40 202 479 958 391 742 199 68 516 509 94 232 79
1 649 715 528 40 195 176 958 368 325 391 202 683 901 16 79 199 801 722 243
1 649 715 528 176 40 195 202 391 368 580 68 901 516 772 958 754 513 142 25
1 649 528 715 40 176 391 243 751 202 745 958 634 265 901 325 660 458 619 868
1 649 715 176 243 751 40 482 958 691 528 248 479 821 391 311 68 265 831 13
1 649 715 176 528 634 660 378 267 202 243 658 199 41 366 89 745 71 479 742
1 649 528 715 202 745 540 634 199 660 644 411 509 675 176 426 693 244 958 40
1 649 715 40 528 176 958 325 391 683 634 79 901 202 68 516 243 772 258 751
1 649 528 715 202 745 199 675 40 195 509 458 48 812 121 368 391 67 722 122
1 649 528 634 202 715 199 509 812 176 644 745 458 411 958 660 79 166 378 836
1 649 528 202 199 675 745 458 509 244 426 448 333 540 802 725 314 484 748 693
1 649 715 176 243 958 40 79 751 325 479 310 258 528 202 922 482 311 391 901
1 649 715 528 202 199 176 634 644 660 411 378 41 658 833 958 79 243 745 503
1 649 528 715 40 176 243 958 79 202 325 258 195 922 422 310 288 459 840 722
1 649 715 176 528 634 40 202 958 660 243 195 79 479 199 644 722 675 325 122
1 649 528 634 660 202 378 658 366 267 745 540 802 41 715 89 725 36 71 636
1 649 715 40 195 176 391 722 528 958 68 447 776 901 513 516 325 310 683 757
1 649 528 202 199 675 356 509 715 634 812 176 40 644 166 660 411 552 658 272
1 649 528 202 634 644 853 199 745 660 378 458 658 675 411 715 48 176 540 833
1 649 715 40 528 195 368 722 634 202 199 580 754 391 660 122 675 25 938 186
1 649 715 528 202 745 540 199 458 48 634 675 706 693 802 509 964 40 863 812
1 649 528 715 634 176 202 644 411 199 552 365 40 958 510 195 474 272 853 266
1 649 528 634 644 202 199 745 715 458 660 176 853 243 48 479 706 311 751 540
1 649 528 715 40 634 195 722 447 583 176 368 757 660 391 202 199 378 675 243
1 649 528 202 199 715 745 509 634 644 40 176 391 411 458 853 426 958 660 195
1 649 528 202 745 458 748 540 802 48 706 158 693 199 125 991 413 3 982 852
1 649 715 528 40 195 634 644 176 243 751 411 368 552 853 391 365 272 618 722
1 649 715 528 40 634 202 391 660 176 658 901 833 263 856 522 768 599 513 624
1 649 528 202 745 715 634 540 176 660 458 802 725 958 48 378 41 325 706 121
1 649 528 202 199 509 812 675 715 244 448 356 333 59 811 680 40 426 598 745
1 649 715 176 243 528 202 751 199 675 509 745 356 482 958 458 244 540 401 693
1 649 528 715 634 644 202 411 474 547 707 552 382 660 365 378 745 199 41 89
1 649 528 634 660 378 267 41 715 993 658 176 243 479 751 958 366 678 325 683
1 649 528 202 715 634 176 243 751 660 40 482 745 378 691 658 265 283 523 248
1 649 715 528 634 202 40 745 540 458 176 199 195 509 426 748 644 802 853 725
1 649 528 202 715 199 176 40 634 243 958 479 745 79 660 509 675 751 658 378
1 649 715 176 958 40 195 368 142 391 722 68 516 772 860 580 243 528 634 751
1 649 715 176 958 243 79 325 751 40 195 479 482 265 258 311 288 391 722 718
1 649 528 634 644 853 660 658 833 715 202 176 503 40 366 263 522 195 624 411
1 649 715 176 40 243 391 479 958 742 195 68 901 776 311 834 933 325 528 837
1 649 528 634 715 40 195 722 122 938 397 144 186 176 243 644 958 368 447 202
1 649 528 634 715 644 202 411 745 660 658 199 176 552 540 802 378 958 725 314
1 649 715 176 243 479 742 841 528 566 555 311 933 958 796 113 37 995 924 325
1 649 528 202 634 644 411 715 745 853 540 660 658 693 40 378 195 722 262 667
1 649 528 634 644 202 660 658 715 366 411 199 176 760 675 509 426 474 356 927
1 649 528 634 715 40 195 644 853 660 391 411 658 901 378 368 267 262 768 977
1 649 715 528 176 634 958 644 79 243 411 479 751 474 742 482 325 310 248 185
1 649 715 40 195 391 722 176 243 958 122 751 479 901 482 248 938 742 13 397
1 649 715 40 176 391 901 195 768 722 122 368 601 284 447 376 445 243 757 580
1 649 715 176 528 243 751 40 195 722 202 745 391 368 540 634 199 509 660 142
1 649 715 528 202 176 243 199 958 751 479 265 40 325 745 195 310 722 122 447
1 649 715 40 391 195 176 243 528 202 68 634 368 580 722 479 447 751 660 583
1 649 715 528 176 202 40 391 68 634 199 516 509 958 675 901 745 325 243 310
1 649 528 202 199 634 715 509 745 644 660 675 812 166 809 458 590 176 243 479
1 649 715 528 634 202 199 675 745 176 40 540 391 901 244 693 356 509 802 426
1 649 528 202 745 458 634 748 715 176 40 243 48 660 479 311 237 3 195 958
1 649 715 528 176 40 958 391 68 776 634 516 644 94 325 310 746 411 79 185
1 649 715 40 195 176 368 580 142 528 243 549 551 722 447 634 391 122 825 644
1 649 528 202 715 634 745 176 660 658 40 458 366 540 644 48 195 853 748 368
1 649 528 202 634 644 199 715 745 458 660 509 176 378 658 958 325 675 366 267
1 649 715 40 391 176 243 479 958 325 901 528 634 644 195 722 768 310 742 746
1 649 715 40 528 391 68 195 634 901 776 834 220 722 644 1000 270 837 108 208
1 649 528 634 715 176 660 243 644 751 265 619 868 853 977 143 378 658 411 316
1 649 715 40 391 528 176 901 634 243 644 479 853 742 660 202 513 311 658 378
1 649 528 715 202 176 40 195 722 243 751 482 447 634 958 479 644 199 660 509
1 649 715 176 243 751 40 479 311 958 265 742 347 391 532 901 933 22 325 66
1 649 715 528 40 634 391 176 195 68 202 901 368 644 199 722 513 853 768 580
1 649 528 715 634 660 40 391 644 378 41 901 195 68 89 776 202 678 368 411
1 649 715 176 243 958 40 79 528 751 258 479 311 288 195 422 922 368 391 202
1 649 528 634 715 644 176 202 40 199 958 391 325 68 853 516 675 310 745 660
1 649 528 202 715 199 634 675 176 40 660 958 325 243 644 751 378 411 745 552
1 649 715 176 40 243 958 391 325 195 901 722 68 528 79 634 479 258 202 422
1 649 528 715 176 634 644 40 411 202 199 391 958 675 853 356 243 474 262 401
1 649 715 176 958 40 528 202 325 310 243 634 79 746 479 195 660 217 185 658
1 649 715 528 202 40 195 634 722 447 660 583 250 378 745 101 658 612 267 199
1 649 528 715 202 199 745 40 195 509 391 368 675 812 458 580 176 243 166 68
1 649 528 202 199 509 675 426 634 660 644 356 853 106 401 378 658 977 267 244
1 649 715 528 202 634 745 644 411 458 552 272 365 199 266 471 675 40 487 618
1 649 528 715 40 634 176 644 202 411 958 474 391 243 552 68 776 79 199 258
1 649 528 715 634 202 660 199 40 658 176 391 68 958 516 94 325 675 644 509
1 649 715 176 40 528 243 634 660 202 644 411 474 547 707 391 68 853 199 745
1 649 715 40 391 176 528 243 751 202 901 199 265 195 509 68 812 745 619 836
1 649 715 528 40 202 195 199 675 368 509 812 166 426 142 940 126 899 722 244
1 649 715 528 634 660 658 378 176 243 41 89 345 202 305 958 833 745 751 479
1 649 715 40 195 368 722 391 122 580 754 25 528 176 243 142 297 24 634 644
1 649 528 634 715 644 411 552 272 618 853 176 958 977 181 143 365 243 325 510
1 649 528 202 199 745 715 458 675 356 509 40 401 556 391 176 244 634 901 644
1 649 528 202 745 458 634 660 540 802 48 748 725 199 3 658 791 366 644 36
1 649 528 715 40 391 634 195 722 447 122 660 368 176 757 658 644 901 938 366
1 649 715 40 195 722 391 368 68 142 901 776 513 447 528 580 551 122 270 202
1 649 528 634 644 660 715 658 176 40 202 199 411 509 675 958 745 79 356 853
1 649 715 176 40 528 195 391 243 368 580 142 551 751 958 722 122 397 68 79
1 649 715 176 958 325 528 683 310 801 634 804 427 79 277 191 873 202 745 694
1 649 528 715 202 40 745 199 458 195 176 243 751 479 958 742 48 265 706 540
1 649 528 202 715 745 199 509 176 458 243 479 540 802 675 725 748 812 958 426
1 649 715 176 40 391 68 901 513 516 243 768 284 719 195 151 958 94 776 479
1 649 715 40 391 176 528 195 243 479 311 742 958 634 841 933 202 363 750 368
1 649 715 40 391 195 368 142 68 776 176 901 549 580 754 958 722 953 112 447
1 649 715 176 40 958 528 634 391 901 68 768 202 516 776 644 270 411 284 79
1 649 715 528 634 202 199 745 660 540 509 693 458 426 413 675 812 994 982 378
1 649 715 528 176 202 40 634 644 411 243 195 958 368 391 660 479 745 458 325
1 649 528 202 634 715 40 660 378 199 176 509 745 658 426 391 958 833 812 458
1 649 715 176 958 325 683 310 185 243 751 801 79 746 804 709 875 465 265 16
1 649 715 40 391 68 195 176 528 776 202 270 199 722 835 623 455 208 243 516
1 649 528 715 176 40 243 391 958 901 768 513 325 634 751 79 644 683 310 284
1 649 715 528 634 40 644 411 552 176 272 908 853 660 977 658 366 833 243 712
1 649 528 715 634 660 378 658 833 41 267 89 71 176 345 644 40 699 366 503
1 649 528 634 715 644 176 243 202 853 262 660 17 977 429 378 40 751 479 962
1 649 528 715 634 176 644 660 243 411 474 202 745 751 482 552 691 40 540 458
1 649 715 176 40 528 195 958 79 258 722 288 718 122 397 202 938 391 243 447
1 649 528 715 202 176 243 751 479 742 265 199 675 356 745 680 458 244 401 556
1 649 528 634 644 715 411 552 202 365 176 745 458 540 48 748 802 243 853 3
1 649 715 176 958 79 40 243 479 258 288 422 195 970 528 80 202 742 933 751
1 649 715 40 176 243 479 528 195 368 958 202 79 722 122 325 751 742 634 938
1 649 715 528 202 745 458 748 199 125 3 791 540 634 644 660 802 889 176 85
1 649 715 40 195 528 391 368 580 551 634 722 660 447 901 142 644 825 768 378
1 649 715 176 243 958 325 310 746 479 659 40 528 683 634 202 751 199 391 509
1 649 528 202 715 199 634 40 745 458 540 802 644 509 48 725 426 314 176 853
1 649 528 202 634 199 745 715 675 356 660 458 40 644 509 680 176 812 391 48
1 649 715 40 528 202 195 199 634 368 745 644 458 540 853 693 48 748 142 549
1 649 715 176 528 202 243 634 644 751 853 977 660 378 745 458 41 48 658 121
1 649 528 715 40 634 195 391 202 745 176 368 68 722 901 243 458 580 754 513
1 649 528 715 202 634 199 675 40 195 660 378 356 244 41 644 391 411 368 68
1 649 528 202 634 715 176 40 745 540 458 195 958 391 48 802 79 748 706 121
1 649 528 634 644 715 176 853 262 667 202 958 858 199 675 745 129 17 373 356
1 649 528 634 644 715 660 40 391 853 195 262 977 411 474 368 901 513 202 437
1 649 528 715 40 195 202 176 243 958 479 79 199 722 745 311 509 922 540 122
1 649 528 715 202 176 40 745 540 199 391 901 958 195 634 768 644 693 802 284
1 649 528 634 202 660 378 644 41 715 199 509 267 89 745 699 678 540 853 411
1 649 715 176 958 528 243 79 634 751 660 658 644 482 378 267 258 288 366 411
1 649 528 634 660 644 658 378 853 833 715 262 366 411 263 552 40 365 195 522
1 649 528 634 715 202 745 176 40 958 195 644 411 552 272 660 853 325 262 908
1 649 715 40 528 391 634 901 660 195 368 513 658 437 644 411 474 768 284 546
1 649 715 40 176 391 243 195 68 751 958 79 528 922 634 258 202 776 368 644
1 649 715 528 634 40 660 391 378 644 68 195 176 516 411 901 772 368 202 267
1 649 528 202 199 745 634 660 378 675 356 509 715 458 644 658 853 812 748 366
1 649 715 40 528 202 195 745 634 176 958 199 458 540 644 748 391 802 411 722
1 649 528 715 40 391 68 176 243 202 776 199 479 901 311 516 958 237 907 282
1 649 528 634 660 202 199 745 509 540 675 356 458 426 378 693 267 48 71 991
1 649 528 202 745 458 634 540 660 802 725 644 48 853 977 262 706 667 143 199
1 649 528 715 634 40 202 745 540 195 722 391 901 68 176 958 768 660 802 284
1 649 528 634 202 745 715 458 40 176 199 391 644 48 958 243 901 675 411 552
1 649 715 176 40 391 195 528 722 122 958 938 901 243 611 186 68 325 516 513
1 649 528 634 715 176 243 751 644 40 391 265 411 660 479 474 707 547 378 382
1 649 715 176 528 243 202 40 958 79 325 195 199 922 745 722 815 509 459 683
1 649 528 715 176 243 202 751 479 958 199 265 325 311 482 237 675 356 509 40
1 649 715 176 528 634 958 79 202 40 195 258 325 644 243 422 751 683 310 746
1 649 528 202 715 634 40 660 658 378 267 745 176 644 411 199 243 751 958 479
1 649 528 634 644 715 411 552 474 40 176 853 365 195 722 266 243 510 547 751
1 649 715 176 528 243 958 634 660 79 479 922 815 742 573 202 40 199 391 841
1 649 528 715 40 634 202 391 745 68 901 176 516 458 776 94 243 48 768 513
1 649 715 176 958 243 479 40 742 325 683 16 528 202 199 841 391 745 933 801
1 649 528 634 660 644 715 176 202 411 745 474 40 853 977 429 658 833 391 707
1 649 528 715 202 634 199 745 660 176 540 644 802 675 509 725 244 411 158 474
1 649 528 715 634 40 391 901 202 768 68 601 513 199 284 660 195 658 437 745
1 649 715 40 391 176 901 513 528 195 368 580 958 202 142 768 325 601 551 683
1 649 528 634 660 644 853 658 202 378 267 366 411 199 675 356 401 262 760 833
1 649 715 40 391 528 176 243 901 634 202 479 958 745 513 199 751 265 311 79
1 649 715 176 958 40 195 325 310 185 683 801 79 16 804 307 427 942 746 277
1 649 715 176 958 528 243 79 325 258 922 40 422 815 459 288 634 718 573 99
1 649 715 176 40 391 68 776 901 768 528 202 516 745 540 458 94 958 48 513
1 649 528 715 634 40 202 745 176 540 802 391 725 644 458 411 552 314 365 68
1 649 528 202 715 176 199 243 509 634 958 751 644 479 660 40 658 195 853 411
1 649 528 634 644 715 202 40 176 853 243 479 391 311 237 907 745 68 901 958
1 649 715 176 958 243 325 683 751 79 801 40 482 248 258 804 631 391 901 310
1 649 528 202 745 634 644 660 658 458 715 199 833 540 503 40 802 748 3 366
1 649 528 202 745 458 540 802 748 715 158 48 199 509 176 958 634 325 683 426
1 649 528 202 715 634 644 176 199 675 745 244 660 243 540 479 509 426 751 658
1 649 528 634 202 644 853 660 715 199 262 17 977 373 143 736 732 176 40 231
1 649 528 202 715 634 199 509 660 644 426 106 675 378 879 47 40 792 176 41
1 649 715 528 202 199 176 745 634 509 458 748 660 40 812 378 195 125 85 426
1 649 715 528 202 745 540 40 195 176 693 391 722 413 447 458 243 368 199 901
1 649 528 634 715 644 176 660 853 40 195 391 368 977 901 958 378 658 513 56
1 649 528 202 199 634 644 675 356 715 660 509 378 658 366 244 426 106 448 401
1 649 528 715 40 176 202 391 68 901 199 243 745 540 516 458 195 776 48 768
1 649 528 202 634 199 660 745 675 509 356 812 540 378 693 244 41 836 461 426
1 649 528 634 715 660 202 378 199 41 658 644 745 540 833 411 89 345 40 366
1 649 528 715 40 202 391 901 195 745 634 176 199 722 243 122 751 675 958 482
1 649 528 202 634 644 199 411 715 40 391 474 901 513 437 745 540 802 68 932
1 649 715 528 176 202 40 745 958 195 722 199 458 540 675 243 356 325 391 901
1 649 528 202 745 715 458 748 40 195 48 706 121 3 228 391 153 176 791 368
1 649 715 40 195 722 368 122 142 447 757 297 114 854 884 583 397 727 538 865
1 649 715 176 40 958 243 751 528 391 79 922 901 482 459 691 68 634 516 513
1 649 715 528 176 634 243 40 958 479 325 202 644 751 482 853 199 310 742 660
1 649 528 715 202 176 958 243 199 509 745 79 325 40 634 195 258 922 479 812
1 649 715 176 958 528 79 325 922 310 746 815 258 683 801 971 40 217 202 573
1 649 528 634 644 660 853 378 267 411 552 41 474 365 71 715 510 176 958 977
1 649 715 528 40 634 644 391 411 474 176 243 479 853 202 195 547 262 368 751
1 649 528 202 715 176 958 634 79 644 199 745 40 509 195 426 812 922 836 853
1 649 528 202 199 715 634 644 745 458 853 977 143 40 262 660 17 429 195 368
1 649 715 40 195 391 722 368 447 583 250 726 68 972 580 776 60 176 315 111
1 649 528 202 745 540 715 199 458 176 243 675 244 349 375 479 742 841 958 448
1 649 715 40 176 958 79 325 683 528 16 844 243 195 391 922 901 368 751 265
1 649 528 202 634 745 199 660 715 458 658 540 40 509 378 833 675 748 263 366
1 649 528 634 644 853 262 715 176 977 143 202 40 660 243 17 199 373 745 195
1 649 528 634 660 202 644 745 658 853 458 48 977 833 540 706 263 693 802 378
1 649 715 176 243 479 751 742 528 933 958 311 79 265 634 619 325 202 363 868
1 649 715 176 958 528 243 479 311 325 40 634 391 195 660 683 79 901 922 801
1 649 528 202 715 745 40 176 634 391 958 458 644 325 79 748 125 540 802 901
1 649 528 715 634 660 202 378 40 41 176 243 644 958 745 199 195 853 368 977
1 649 715 528 202 176 958 745 458 48 325 199 675 310 185 121 634 54 79 683
1 649 715 40 528 195 176 243 391 901 768 479 68 601 311 776 634 722 202 644
1 649 715 176 243 958 479 40 751 79 258 288 482 718 922 528 815 459 691 840
1 649 715 40 195 368 391 901 68 516 768 528 202 94 423 745 634 722 240 580
1 649 715 40 528 195 722 368 122 391 901 580 397 754 142 296 447 25 938 186
1 649 715 176 958 325 528 683 79 922 815 16 573 310 243 202 971 745 746 217
1 649 528 634 644 411 474 707 715 572 287 176 243 552 275 105 40 751 939 272
1 649 528 202 715 745 199 176 958 675 325 540 310 243 244 349 185 356 40 448
1 649 715 40 528 391 634 660 378 202 745 540 901 693 644 176 199 458 513 68
1 649 715 176 243 958 479 742 325 528 634 933 202 841 745 704 683 40 801 310
1 649 715 40 391 901 176 195 68 368 580 722 776 447 834 516 513 243 142 122
1 649 715 528 176 40 958 195 202 745 368 391 901 199 722 580 754 551 68 513
1 649 528 634 715 202 199 745 40 391 458 176 660 644 509 748 68 901 853 977
1 649 715 40 176 195 528 243 722 958 391 325 479 368 202 122 447 310 68 746
1 649 715 40 528 176 243 751 195 634 391 660 901 202 378 265 619 868 41 644
1 649 715 528 40 634 195 391 722 202 644 745 660 447 757 176 368 759 958 881
1 649 715 528 202 176 243 479 958 311 325 742 237 79 841 40 566 796 907 745
1 649 528 634 715 202 199 176 660 644 675 243 40 853 262 479 17 958 356 244
1 649 715 528 634 176 202 660 644 411 958 40 378 41 89 658 745 458 48 748
1 649 528 634 202 745 660 540 199 378 509 658 693 366 760 802 675 725 927 158
1 649 528 202 715 634 40 176 391 958 68 516 199 195 368 580 243 94 675 232
1 649 715 40 528 176 958 79 195 258 722 325 368 310 922 202 243 459 683 185
1 649 715 176 243 479 742 958 933 79 528 995 841 435 751 202 482 325 258 704
1 649 715 528 40 634 195 176 958 391 660 202 79 922 243 901 378 68 644 199
1 649 715 176 528 634 202 644 199 745 411 509 812 540 552 365 426 106 40 272
1 649 715 176 243 528 751 479 482 248 742 958 79 202 13 311 81 745 691 265
1 649 715 528 202 634 660 176 745 199 509 958 644 853 378 977 812 79 836 166
1 649 715 176 40 195 391 528 68 634 516 243 202 368 580 772 644 722 551 199
1 649 715 40 195 528 634 391 901 176 68 368 580 513 776 660 768 284 958 142
1 649 528 715 634 176 958 644 325 310 853 202 746 199 509 426 79 40 745 195
1 649 715 528 40 176 243 634 751 202 958 325 199 195 391 79 258 660 310 722
1 649 528 715 176 202 243 751 958 482 745 265 325 248 347 634 199 22 66 13
1 649 528 634 715 176 660 644 658 853 958 366 79 833 409 202 258 199 378 745
1 649 528 202 634 660 715 40 176 199 509 675 644 958 79 922 195 356 243 459
1 649 528 202 745 715 176 243 199 458 48 479 509 675 958 540 693 991 706 121
1 649 715 528 176 243 634 660 658 833 202 751 745 540 644 199 853 40 958 503
1 649 715 528 634 40 195 202 660 745 391 540 68 658 176 958 458 378 48 802
1 649 528 715 176 243 479 751 634 660 378 742 933 841 363 958 265 750 202 704
1 649 528 715 634 644 853 411 202 977 40 474 429 143 391 901 736 513 56 547
1 649 528 715 40 391 202 68 901 516 772 768 634 284 176 94 776 660 719 601
1 649 528 202 715 40 176 745 199 675 509 958 356 244 349 79 243 479 458 742
1 649 715 40 195 391 176 901 513 56 201 243 437 68 751 368 516 722 546 932
1 649 528 202 634 644 660 378 411 267 474 658 853 262 667 707 236 858 199 129
1 649 528 715 40 202 634 391 176 195 644 722 199 901 243 509 447 812 426 745
1 649 528 634 715 176 958 243 325 479 311 683 237 16 742 310 575 841 566 751
1 649 528 202 715 745 199 40 391 634 644 176 901 958 513 768 411 458 853 79
1 649 715 528 40 195 202 176 199 391 368 958 68 509 901 142 325 297 768 549
1 649 528 634 715 202 660 199 40 176 958 391 243 675 378 509 479 356 812 267
1 649 528 715 202 634 660 199 40 509 378 658 745 176 267 195 812 243 644 675
1 649 715 528 176 202 243 751 958 479 634 660 79 40 742 482 265 619 933 391
1 649 528 202 715 176 40 243 958 745 325 391 79 199 634 751 683 310 746 16
1 649 715 528 634 202 660 745 644 411 658 458 748 125 40 195 552 540 199 85
1 649 528 634 644 715 40 853 176 391 958 262 325 17 202 79 901 627 683 373
1 649 715 528 176 958 202 40 634 243 195 722 325 751 368 745 580 391 683 458
1 649 715 176 958 79 528 258 202 325 422 310 922 634 683 16 660 288 185 644
1 649 528 715 40 202 745 458 195 176 368 580 391 142 243 958 325 901 683 79
1 649 715 40 195 391 722 368 528 634 142 176 447 549 122 787 297 901 513 114
1 649 528 634 644 715 411 853 40 552 262 195 368 580 176 667 958 325 310 272
1 649 528 634 660 202 199 745 458 48 748 3 675 715 791 889 244 176 478 243
1 649 528 715 176 202 634 40 745 391 458 660 958 48 243 325 310 199 79 746
1 649 528 715 40 195 391 202 745 68 634 516 540 368 772 176 722 901 243 447
1 649 528 202 199 745 675 458 748 125 608 244 509 356 426 401 127 812 166 702
1 649 715 528 40 634 176 202 391 199 195 368 675 580 644 244 958 660 356 68
1 649 715 176 40 243 391 528 195 634 368 901 68 751 958 776 79 516 258 265
1 649 715 40 195 176 528 243 391 901 751 513 722 68 776 56 265 619 834 516
1 649 528 634 202 199 660 745 458 658 715 509 540 833 176 958 243 325 310 812
1 649 715 528 634 40 195 176 644 660 411 391 901 68 474 768 368 378 547 707
1 649 715 40 176 195 243 368 391 142 901 513 297 114 68 549 580 437 516 854
1 649 715 176 528 634 958 40 644 79 243 660 202 325 479 310 411 311 185 853
1 649 528 634 202 644 199 411 552 715 474 707 272 40 547 745 458 748 618 572
1 649 715 528 202 176 958 243 479 199 311 509 237 742 812 282 796 40 907 675
1 649 715 528 634 40 660 644 853 378 411 41 267 391 977 89 68 658 176 901
1 649 715 40 528 634 644 202 411 552 195 745 176 365 199 540 266 675 722 802
1 649 715 40 528 176 243 479 311 237 958 751 282 265 195 742 482 79 258 619
1 649 528 634 202 199 675 509 356 644 680 715 853 426 176 812 262 620 40 17
1 649 528 715 202 634 745 199 540 509 176 243 458 426 598 812 748 48 675 125
1 649 528 202 745 540 715 802 199 158 55 941 725 458 693 675 40 509 452 36
1 649 715 528 634 660 176 958 202 79 325 658 378 243 366 760 751 745 265 409
1 649 715 528 176 243 40 958 195 202 325 310 185 634 307 644 79 368 709 746
1 649 528 202 199 675 715 40 391 356 680 673 509 426 745 106 879 458 812 598
1 649 715 176 528 243 202 745 958 199 675 540 244 479 693 356 401 127 702 325
1 649 528 634 715 202 745 458 748 644 540 125 853 3 176 48 153 706 85 791
1 649 715 176 528 634 40 243 660 202 958 79 325 195 479 658 368 745 142 297
1 649 528 715 40 202 176 199 958 634 675 660 391 325 195 356 722 244 448 310
1 649 715 176 958 243 479 751 40 482 265 311 619 316 691 511 347 464 78 528
1 649 715 528 176 40 391 958 325 310 79 243 202 683 745 746 634 217 540 693
1 649 528 202 715 176 40 634 958 325 745 391 310 79 458 243 68 199 48 683
1 649 528 202 199 715 675 244 176 958 356 349 375 634 680 644 243 578 252 509
1 649 715 40 391 901 68 528 513 437 56 634 644 546 202 819 195 853 722 176
1 649 528 634 202 660 658 366 833 503 378 715 760 40 644 853 507 409 176 419
1 649 528 634 644 853 262 202 660 199 675 667 509 411 552 378 426 474 272 858
1 649 715 176 528 40 243 479 751 634 202 745 660 378 199 311 540 482 195 265
1 649 715 528 176 634 40 202 243 195 199 391 745 958 722 122 447 397 403 509
1 649 528 715 40 202 176 243 634 479 660 644 658 745 378 199 958 391 195 853
1 649 715 528 40 176 195 958 325 310 79 202 258 422 391 68 634 776 644 516
1 649 715 40 528 195 202 391 368 580 745 901 540 513 176 722 802 158 458 754
1 649 715 40 528 391 195 68 634 722 516 772 776 368 447 580 270 860 202 835
1 649 528 202 715 176 199 509 958 426 675 634 598 247 660 40 79 325 258 378
1 649 528 202 634 199 675 244 644 745 349 411 715 474 707 660 40 540 448 458
1 649 715 40 195 368 580 391 754 68 551 25 825 142 722 528 634 447 960 657
1 649 528 202 634 644 411 474 199 853 262 660 658 378 17 627 373 366 231 267
1 649 715 528 202 40 199 745 176 243 675 458 391 958 79 68 479 356 901 195
1 649 528 715 176 40 634 195 722 243 751 447 757 660 378 644 411 479 267 552
1 649 528 202 199 509 715 40 391 901 68 195 722 634 644 411 853 768 447 122
1 649 528 634 660 715 644 378 411 40 41 474 707 552 853 287 391 267 572 89
1 649 715 528 176 40 634 660 658 958 378 195 79 267 368 258 41 243 751 644
1 649 528 715 634 202 745 644 458 411 853 977 429 474 962 512 176 547 262 794
1 649 528 634 660 202 658 833 378 745 540 41 678 644 802 158 267 725 55 853
1 649 528 202 745 715 176 958 458 48 243 121 40 54 751 706 195 421 479 391
1 649 528 634 202 660 644 658 715 411 176 552 199 366 958 272 908 409 760 712
1 649 715 528 202 40 199 391 675 509 68 634 516 901 745 768 244 458 776 601
1 649 715 176 243 479 751 40 958 311 391 901 742 265 325 683 79 513 56 528
1 649 528 202 634 745 660 658 715 176 366 458 409 378 540 760 927 693 802 911
1 649 528 715 176 958 634 660 378 202 658 267 833 79 993 109 503 71 40 733
1 649 715 528 176 202 634 40 195 368 391 243 751 199 722 479 958 660 742 265
1 649 715 528 202 40 195 176 634 644 243 368 580 411 745 540 391 853 262 754
1 649 528 634 660 644 658 378 267 715 853 202 176 40 958 71 195 41 199 977
1 649 528 634 715 176 644 660 202 40 958 853 243 751 391 479 195 262 79 411
1 649 528 715 634 202 40 745 391 901 195 199 68 675 356 458 644 853 48 244
1 649 528 202 634 715 199 644 176 411 243 745 853 540 802 977 552 365 509 474
1 649 715 40 528 176 634 660 958 79 202 243 745 458 199 391 378 658 325 922
1 649 528 202 745 199 509 675 715 40 426 812 244 836 391 540 693 901 861 166
1 649 715 528 40 195 202 722 368 122 580 199 754 634 644 853 745 509 540 551
1 649 715 176 243 479 40 528 311 742 237 958 841 566 555 113 634 644 961 282
1 649 715 176 40 243 958 325 310 751 79 746 922 528 482 815 202 248 691 195
1 649 715 40 528 202 745 195 634 368 540 693 991 413 644 199 458 300 722 675
1 649 715 40 391 528 176 901 243 768 202 284 751 719 68 265 601 513 776 897
1 649 715 176 958 243 325 479 311 528 310 742 841 746 217 202 79 745 933 199
1 649 528 715 176 202 634 958 79 40 199 509 391 745 922 459 426 258 422 325
1 649 528 715 40 391 901 68 195 368 176 516 772 188 722 958 122 202 79 634
1 649 715 176 528 40 958 79 202 391 745 325 243 199 509 922 68 815 540 458
1 649 715 528 634 660 378 644 411 474 176 243 479 40 853 977 658 707 552 143
1 649 528 202 745 715 458 176 40 634 48 121 540 54 958 391 199 660 748 125
1 649 528 202 715 199 745 675 540 693 40 244 991 509 812 176 448 836 458 356
1 649 715 40 195 391 722 368 901 447 176 768 528 513 56 634 284 243 958 757
1 649 715 528 634 644 202 853 199 262 411 509 474 707 667 287 977 429 236 552
1 649 715 528 40 391 176 195 722 122 938 68 634 644 611 853 516 186 977 202
1 649 715 40 176 195 243 751 368 265 722 391 958 619 901 868 580 513 122 938
1 649 528 715 202 745 176 199 243 540 509 634 693 958 79 426 258 422 812 751
1 649 528 634 202 715 644 411 474 40 745 199 458 547 853 707 195 660 382 287
1 649 715 176 958 528 40 79 325 922 310 459 634 644 746 391 202 763 853 840
1 649 715 40 176 391 243 901 958 325 768 284 683 601 68 79 751 776 235 528
1 649 715 176 40 195 958 243 325 368 580 722 391 683 310 142 297 901 122 549
1 649 528 202 745 634 540 660 199 378 658 833 715 693 40 802 458 41 267 366
1 649 715 176 528 40 634 391 195 368 243 580 722 751 482 691 142 283 265 901
1 649 528 202 715 634 660 176 745 378 199 41 267 40 243 644 71 391 540 411
1 649 528 202 715 745 176 243 751 265 619 40 347 634 540 195 316 199 958 479
1 649 528 634 660 658 715 40 366 176 833 202 644 195 199 378 509 263 426 243
1 649 528 202 715 634 644 745 176 243 40 391 199 958 479 751 195 411 660 853
1 649 528 202 634 745 644 458 48 715 748 121 125 540 706 608 672 775 40 964
1 649 528 202 715 40 634 391 199 745 195 68 540 722 901 644 660 693 776 176
1 649 715 176 958 79 528 202 325 243 199 675 509 479 356 680 620 210 426 106
1 649 715 40 195 528 368 634 176 958 142 202 549 644 660 79 378 325 580 754
1 649 715 176 958 325 243 310 683 479 746 801 659 528 742 804 40 942 217 178
1 649 528 202 715 40 634 391 901 199 509 176 675 195 660 68 812 513 378 516
1 649 528 715 202 745 40 458 48 199 540 176 706 964 634 958 693 863 521 195
1 649 528 715 40 195 176 958 391 202 634 325 310 185 199 683 368 644 79 411
1 649 528 634 660 658 644 378 202 745 366 715 267 40 391 458 411 48 748 176
1 649 715 528 176 202 634 243 958 479 325 40 683 644 311 745 310 16 79 751
1 649 528 634 202 745 715 176 458 540 48 40 660 958 748 3 153 791 121 706
1 649 715 176 40 195 243 391 722 958 79 922 258 479 325 311 751 459 422 528
1 649 715 528 202 634 660 199 176 509 426 675 356 745 540 401 693 598 556 958
1 649 528 634 202 199 660 378 715 509 267 176 958 79 41 812 678 426 598 258
1 649 528 715 40 634 660 658 833 176 202 195 722 366 745 378 958 243 325 263
1 649 715 176 958 40 195 368 580 722 122 142 79 391 447 757 397 754 243 144
1 649 528 715 202 745 458 48 706 748 3 199 675 356 401 964 863 153 127 29
1 649 715 40 391 901 176 195 68 368 722 243 958 122 79 397 751 516 144 479
1 649 715 176 40 391 958 195 528 722 202 79 368 922 459 815 142 573 199 258
1 649 715 528 634 660 378 658 202 176 833 958 199 243 479 503 79 258 745 458
1 649 528 634 644 853 262 660 667 411 858 17 977 30 554 202 373 143 497 736
1 649 528 202 199 634 660 675 644 715 658 366 853 509 411 378 262 41 678 40
1 649 715 528 634 40 391 68 901 776 270 513 835 660 202 894 208 378 267 56
1 649 528 715 176 958 634 202 325 243 479 199 751 311 660 644 675 482 853 977
1 649 715 176 243 958 528 479 742 841 933 40 391 68 202 311 901 79 363 704
1 649 715 40 391 68 901 516 776 270 528 202 208 94 199 634 768 745 834 644
1 649 715 528 176 243 479 202 958 311 79 40 742 237 391 841 68 199 195 566
1 649 528 202 199 715 745 509 40 540 693 634 660 413 991 458 135 195 748 176
1 649 715 528 40 176 634 391 958 79 195 660 258 922 815 368 288 142 722 644
1 649 715 176 958 40 391 901 528 202 325 310 195 768 745 458 748 284 68 513
1 649 715 528 176 958 325 634 310 660 40 202 746 644 79 199 658 378 833 391
1 649 528 202 745 458 748 48 125 3 706 540 715 608 199 121 67 506 791 54
1 649 715 528 40 634 644 853 195 977 391 660 378 41 722 678 610 368 429 142
1 649 715 528 176 958 202 243 479 745 199 540 675 244 751 325 458 311 40 356
1 649 715 40 528 634 176 195 722 660 447 583 378 202 726 250 958 483 658 325
1 649 528 634 715 202 40 195 745 458 199 748 540 509 644 693 48 426 812 106
1 649 715 40 391 528 176 195 634 660 368 243 580 722 122 68 938 658 366 142
1 649 528 634 715 202 745 540 660 693 378 644 991 411 458 267 71 48 802 725
1 649 528 715 634 176 202 745 458 958 199 243 660 325 751 644 479 675 411 482
1 649 715 40 195 722 176 243 368 751 122 958 580 479 311 754 742 142 296 841
1 649 528 715 202 176 745 958 540 243 79 634 802 325 922 258 288 459 660 310
1 649 715 528 202 745 458 748 40 540 3 634 391 68 199 644 901 768 802 725
1 649 528 202 715 634 176 243 479 40 195 751 644 391 722 482 248 13 265 745
1 649 528 634 202 199 715 176 958 644 40 243 79 411 325 479 745 552 853 195
1 649 528 634 660 202 199 745 458 378 675 41 356 715 48 644 680 853 977 658
1 649 715 528 634 660 658 202 378 745 176 41 458 48 644 678 610 833 765 199
1 649 715 40 528 202 391 176 634 199 901 68 776 195 722 122 958 660 745 368
1 649 715 40 528 202 745 540 199 391 901 176 802 693 513 725 958 56 768 195
1 649 528 202 745 199 509 715 176 40 391 901 634 195 768 812 660 658 368 166
1 649 528 202 199 745 675 458 509 356 748 401 634 48 125 556 706 127 426 121
1 649 715 40 195 528 391 901 513 68 634 437 776 644 932 546 270 888 202 819
1 649 715 40 391 528 176 901 202 68 958 745 325 79 310 683 195 746 199 368
1 649 715 528 634 660 658 40 176 391 366 68 202 378 745 760 776 41 516 834
1 649 715 528 176 243 751 634 660 482 40 958 202 265 248 745 347 13 79 540
1 649 528 634 715 660 378 202 658 41 678 267 176 366 409 610 644 639 71 40
1 649 715 528 202 40 634 644 411 195 474 745 368 547 199 707 660 675 378 117
1 649 715 528 40 202 634 745 660 540 802 176 391 199 243 958 68 644 901 458
1 649 528 202 199 509 634 426 812 836 660 644 378 675 356 41 106 658 598 745
1 649 715 40 176 528 391 68 243 479 776 634 901 834 958 644 325 195 270 411
1 649 715 40 528 202 745 458 540 48 199 748 121 509 176 391 3 67 634 645
1 649 715 528 40 195 368 722 202 142 199 549 745 458 634 48 748 447 675 583
1 649 528 202 199 745 458 715 748 48 3 176 675 40 153 125 540 509 244 121
1 649 528 715 202 199 675 40 195 176 356 745 634 958 244 722 680 447 349 79
1 649 715 40 195 528 634 176 722 243 391 751 901 68 768 660 284 265 368 619
1 649 528 202 715 634 745 458 40 48 706 748 195 368 660 378 228 133 658 692
1 649 715 176 40 391 901 768 68 243 601 528 202 958 751 284 376 44 195 445
1 649 528 634 715 176 40 391 644 68 411 660 516 658 366 901 552 833 853 772
1 649 528 715 176 243 634 751 265 347 644 660 619 479 22 482 316 997 378 532
1 649 528 202 634 715 40 660 199 195 176 644 378 722 411 853 552 122 977 365
1 649 715 40 176 243 391 901 68 768 958 776 284 44 719 79 528 258 202 516
1 649 528 715 176 634 40 243 958 202 660 751 378 79 391 922 745 540 644 901
1 649 528 202 634 715 40 745 644 391 199 509 411 675 176 853 356 426 812 458
1 649 528 634 202 199 644 411 745 660 378 715 552 658 675 267 540 71 40 176
1 649 715 528 202 745 40 391 634 540 199 176 675 958 244 802 644 356 325 79
1 649 715 40 528 195 391 176 901 68 243 202 751 722 368 265 482 768 634 644
1 649 715 528 176 243 634 202 660 745 751 482 199 265 40 378 347 658 248 22
1 649 528 634 715 660 658 202 176 243 40 199 366 644 479 675 311 853 742 958
1 649 715 528 40 176 958 391 901 243 79 325 310 258 422 202 80 922 815 971
1 649 715 40 176 528 243 391 202 958 634 79 751 482 199 265 691 675 248 509
1 649 528 715 202 176 243 479 40 742 195 634 391 958 368 325 901 751 841 933
1 649 528 634 660 644 378 41 658 202 366 267 853 199 833 977 143 675 356 411
1 649 528 715 202 634 176 199 675 40 356 680 243 509 391 660 244 195 673 745
1 649 528 202 745 540 715 176 802 958 158 199 725 693 634 509 660 314 378 458
1 649 715 176 528 202 745 243 540 693 199 634 40 644 991 411 751 675 479 474
1 649 528 715 40 176 202 391 901 195 722 634 122 644 368 580 745 958 325 243
1 649 528 715 176 40 202 391 68 958 516 79 772 188 860 243 325 310 387 258
1 649 528 202 199 634 644 509 715 853 745 812 977 411 166 40 836 458 540 552
1 649 715 176 528 40 958 325 391 68 634 660 310 79 922 185 459 307 683 378
1 649 715 40 528 202 199 509 391 812 176 745 195 166 722 958 447 68 458 675
1 649 528 634 660 715 176 958 325 310 185 709 79 40 243 156 922 386 258 378
1 649 528 202 715 176 243 745 751 634 265 958 644 40 482 660 378 540 693 248
1 649 715 176 40 195 368 958 142 391 722 79 447 297 901 325 549 258 288 243
1 649 528 715 176 634 660 658 366 40 409 833 760 378 644 958 267 71 993 79
1 649 528 715 202 40 195 176 745 368 243 142 540 549 199 580 551 722 787 802
1 649 528 202 745 199 715 176 958 540 243 693 802 40 751 265 482 248 691 509
1 649 715 528 634 40 202 745 540 693 660 199 509 176 644 426 243 991 458 195
1 649 715 528 40 202 176 243 745 479 958 195 325 458 742 933 995 435 310 567
1 649 715 528 40 634 660 195 644 391 378 267 722 41 678 68 447 71 368 901
1 649 528 202 634 199 644 853 262 411 474 707 715 176 572 745 685 243 40 540
