498
1 9
1 177
1 349
1 520
1 537
1 688
1 691
1 740
1 749
2 156
6 87
7 256
9 69
9 333
9 928
15 238
15 741
15 863
18 177
22 936
25 416
26 65
26 229
26 611
26 882
30 903
32 728
32 966
37 143
37 526
38 165
38 177
38 234
38 592
38 921
41 214
41 322
41 323
41 398
41 536
43 214
44 217
44 548
44 951
45 58
45 91
47 161
49 78
49 482
50 152
50 335
51 511
52 286
53 73
56 612
57 346
58 323
58 769
59 87
59 378
60 633
63 170
63 494
65 107
65 449
65 854
65 901
65 903
66 500
66 632
69 362
69 489
69 593
72 230
73 262
73 342
75 606
76 172
76 936
80 136
80 766
81 337
81 826
81 828
81 929
84 492
84 499
84 842
87 195
87 524
87 714
92 605
97 473
99 302
99 688
102 422
102 820
103 560
103 978
104 297
110 391
110 600
110 860
114 736
115 220
115 840
116 187
117 230
117 549
117 552
118 854
119 505
119 852
122 535
128 307
129 389
129 420
129 438
130 711
131 235
131 343
131 918
132 666
132 776
136 293
136 387
137 839
138 230
138 912
139 388
139 457
139 624
139 679
139 680
139 723
139 749
140 680
140 803
141 190
141 392
141 958
144 256
144 553
145 980
146 193
146 323
146 975
146 993
147 757
148 174
148 192
148 506
148 736
149 254
150 702
150 770
153 289
153 362
154 968
155 422
155 790
156 537
158 711
160 300
160 609
160 772
161 350
161 427
162 170
165 276
165 483
165 532
171 358
171 543
171 696
172 700
174 544
174 610
177 195
177 415
177 511
177 696
177 980
181 624
184 682
185 494
185 613
185 715
187 381
187 419
188 796
189 297
189 321
189 465
189 734
189 740
190 414
193 999
194 483
195 281
195 381
195 946
197 211
197 655
201 917
203 608
203 826
214 968
217 616
217 683
217 749
218 951
220 288
220 572
220 644
220 867
223 973
229 496
229 571
230 298
230 482
230 794
234 242
234 343
234 477
237 691
239 925
242 484
243 286
244 318
244 338
245 848
246 382
247 610
247 830
247 854
247 963
248 612
251 457
253 354
253 438
253 619
253 856
254 749
255 337
255 367
255 939
256 416
256 537
256 945
257 483
259 612
260 920
260 925
262 431
262 443
264 904
268 537
269 840
272 561
274 936
275 901
277 443
278 694
278 813
278 837
278 987
286 655
288 642
297 346
297 911
299 694
300 485
300 650
301 799
302 563
303 734
304 620
304 870
305 413
307 411
307 688
307 772
308 955
310 427
311 592
313 610
313 737
313 849
314 899
317 449
317 733
318 649
318 682
321 670
321 765
321 984
322 940
322 995
323 500
323 688
323 955
324 383
324 413
324 615
324 816
324 831
325 460
325 500
325 582
332 772
335 597
335 867
336 620
336 994
337 341
337 587
337 749
343 647
343 773
346 800
348 587
356 714
357 712
367 835
368 405
368 469
368 568
373 509
374 720
374 811
376 464
381 925
382 994
387 396
387 434
387 854
392 467
392 922
398 574
399 627
401 535
401 537
411 851
412 772
416 433
416 509
420 743
420 991
422 740
427 482
427 711
427 749
427 837
431 457
431 961
438 467
438 498
438 615
438 688
438 693
443 834
444 659
444 691
446 749
447 567
447 704
449 591
449 825
449 842
457 708
457 741
464 999
465 976
467 494
467 507
467 966
469 472
469 867
470 740
472 539
473 649
475 527
482 530
483 656
484 886
486 913
490 615
492 735
494 780
494 860
496 721
502 922
503 633
503 903
503 986
507 709
520 703
521 867
524 838
526 606
527 610
528 860
529 821
529 856
530 681
530 727
531 968
533 710
535 926
540 679
541 619
541 758
550 611
552 662
553 555
559 673
559 982
561 712
561 837
562 842
562 845
565 805
567 903
567 919
570 895
572 829
572 936
573 575
573 694
576 811
576 904
577 693
580 920
599 854
602 879
603 681
605 649
605 752
606 667
606 903
612 696
613 630
615 617
615 839
616 947
620 655
620 837
620 917
627 856
644 977
649 903
655 785
655 895
655 913
655 944
666 711
666 981
670 907
679 757
682 810
688 707
688 796
688 852
689 778
689 830
693 805
696 996
709 969
710 837
711 881
724 838
738 944
740 799
740 848
749 764
749 854
749 982
751 826
752 992
757 879
764 978
770 899
773 971
786 839
796 814
796 973
811 856
837 866
838 941
854 867
854 899
855 966
857 990
875 958
889 980
901 990
955 967
1 749 688 438 854 427 323 139 41 214 337 177 217 457 431 81 44 982 307 322
1 749 854 427 688 837 139 438 177 323 65 867 620 740 655 278 38 307 944 220
1 749 854 427 837 139 482 688 438 65 867 457 230 220 620 337 467 177 572 217
1 749 688 854 65 903 867 247 610 387 438 467 174 494 649 605 253 392 148 544
1 749 688 438 177 323 740 537 854 9 691 444 38 427 65 139 69 256 928 659
1 749 854 688 427 65 903 438 177 449 740 842 317 591 38 825 234 733 26 867
1 749 688 438 467 177 494 323 185 392 740 860 537 38 110 9 307 691 69 362
1 749 688 177 740 38 234 165 189 343 321 854 195 297 242 477 734 427 670 696
1 749 688 438 177 323 467 41 38 195 214 253 615 307 324 381 696 740 234 189
1 749 854 688 177 740 189 537 256 401 65 867 422 321 297 220 346 156 9 268
1 749 688 854 427 139 837 482 620 230 438 655 467 530 117 278 138 694 561 457
1 749 854 65 427 688 837 903 482 649 449 438 620 139 457 177 230 530 431 711
1 749 854 688 65 903 177 438 323 38 867 427 837 195 234 449 41 220 307 26
1 749 688 438 177 323 41 307 796 467 494 146 38 185 195 188 860 234 392 854
1 749 854 688 65 867 177 220 903 438 38 740 572 469 247 427 323 649 606 139
1 749 688 177 38 854 195 65 740 427 696 438 903 234 867 980 247 537 610 323
1 749 854 688 65 867 247 610 903 438 649 606 220 427 526 139 387 457 830 37
1 749 688 177 740 537 38 195 696 9 256 854 427 691 520 189 422 234 444 237
1 749 854 427 688 438 323 837 65 903 467 449 842 494 26 867 229 901 307 496
1 749 688 177 740 537 38 234 165 9 195 854 483 189 592 69 427 139 65 837
1 749 854 688 438 323 41 427 177 307 38 214 234 322 195 740 165 968 772 796
1 749 854 427 688 177 38 139 195 65 696 234 337 903 171 980 612 649 449 457
1 749 688 438 323 854 65 903 649 867 606 177 526 307 467 41 772 605 253 75
1 749 688 854 438 65 867 467 323 177 740 247 387 136 434 307 494 392 41 185
1 749 854 427 65 867 139 247 220 837 688 482 438 387 177 899 467 118 323 253
1 749 854 427 688 177 139 337 65 867 220 903 572 38 438 81 234 740 467 837
1 749 688 177 740 438 854 38 189 195 427 65 323 422 837 848 307 381 87 696
1 749 688 854 438 467 253 427 856 811 323 615 837 494 374 693 65 867 620 576
1 749 688 438 177 740 189 422 323 467 38 41 848 146 854 427 494 470 537 234
1 749 688 854 65 177 38 867 234 740 195 438 189 247 165 323 467 592 483 494
1 749 688 438 177 854 65 467 740 903 38 253 649 323 189 537 427 195 696 980
1 749 688 854 177 38 438 195 427 696 467 253 740 323 856 837 307 619 482 711
1 749 688 854 65 903 177 649 867 740 537 605 318 244 189 752 220 572 9 256
1 749 688 177 740 438 854 323 189 427 467 837 482 38 195 696 253 41 146 381
1 749 854 427 688 438 177 740 323 189 139 38 307 337 796 457 65 188 837 217
1 749 854 427 139 65 337 837 81 217 903 688 482 867 44 255 457 449 438 683
1 749 854 688 65 438 867 427 903 139 649 449 337 605 842 81 467 317 826 253
1 749 688 854 427 177 65 438 867 903 449 649 605 26 139 220 323 41 842 229
1 749 688 438 467 323 307 772 854 65 177 253 615 411 867 128 796 41 160 220
1 749 854 688 65 427 139 177 457 867 903 337 679 649 606 837 526 482 247 438
1 749 688 438 467 854 253 65 867 220 469 427 494 247 323 387 903 615 856 185
1 749 688 438 467 854 494 253 185 427 860 63 110 392 323 177 170 613 162 139
1 749 854 427 688 177 740 438 467 38 139 457 195 696 189 171 679 65 337 217
1 749 688 177 854 740 65 189 537 422 903 427 321 449 670 649 848 26 606 526
1 749 688 854 427 837 177 38 482 234 195 696 230 117 343 530 711 161 350 165
1 749 854 427 139 65 837 867 903 449 649 220 482 572 620 688 936 76 606 526
1 749 688 438 177 38 195 323 854 307 427 41 772 467 837 411 234 146 343 796
1 749 854 688 65 177 740 38 195 867 696 234 171 427 980 343 145 358 381 773
1 749 688 438 177 854 427 740 837 38 467 65 234 165 903 620 139 449 494 482
1 749 854 688 65 867 177 438 427 38 139 337 740 195 234 696 171 980 189 343
1 749 854 427 837 65 620 688 139 903 655 177 740 457 537 337 944 913 738 431
1 749 854 427 65 688 837 177 620 38 655 482 903 867 944 740 649 605 195 913
1 749 688 438 177 38 740 234 537 195 165 343 592 242 467 323 484 886 696 854
1 749 688 177 740 189 537 38 854 9 691 520 65 422 438 848 470 427 903 449
1 749 688 854 65 867 247 220 903 387 610 174 427 438 649 830 449 139 313 527
1 749 688 177 740 854 537 189 438 256 321 297 346 911 401 323 800 57 65 41
1 749 688 854 438 427 323 467 65 494 392 253 185 507 837 307 966 620 709 655
1 749 854 65 867 688 247 610 174 177 740 387 136 438 537 256 830 9 691 903
1 749 854 427 139 65 867 337 688 217 220 982 81 559 177 438 826 467 203 673
1 749 854 65 903 427 449 837 620 139 457 679 431 262 842 867 73 443 741 961
1 749 854 65 867 220 247 387 688 610 174 148 736 114 177 903 506 740 192 438
1 749 688 438 467 253 177 615 38 195 323 854 234 343 41 165 214 307 242 322
1 749 854 65 688 903 177 427 38 649 740 449 606 537 234 605 567 26 867 189
1 749 688 854 438 467 323 41 253 307 177 856 772 214 968 796 740 427 531 615
1 749 688 177 854 438 427 467 38 253 234 195 343 65 903 449 494 773 392 323
1 749 854 427 688 438 323 41 139 146 214 193 58 837 45 999 482 968 993 711
1 749 854 688 427 139 457 837 177 438 65 323 867 903 247 431 38 195 41 620
1 749 854 65 867 247 427 220 610 688 572 469 903 335 438 50 323 467 152 494
1 749 854 688 177 740 438 537 467 38 256 416 9 69 253 494 427 392 195 381
1 749 688 438 177 38 467 854 234 323 195 165 41 65 427 903 592 311 649 605
1 749 854 427 837 65 688 177 482 740 38 230 620 537 903 189 195 655 256 438
1 749 854 65 903 867 688 438 247 387 610 136 177 649 467 830 80 427 293 449
1 749 854 427 65 837 688 139 337 867 177 482 620 457 220 655 572 438 944 431
1 749 688 438 177 467 854 740 253 189 323 427 139 537 494 422 837 9 457 185
1 749 688 177 740 537 189 321 38 297 234 9 165 670 69 483 765 257 422 928
1 749 854 427 139 65 457 688 431 679 337 837 741 680 15 438 903 863 238 649
1 749 688 438 323 854 177 307 427 38 41 146 139 467 772 234 457 195 696 165
1 749 854 688 177 438 427 139 467 457 65 431 741 740 262 73 15 53 251 342
1 749 688 177 438 740 854 38 427 139 65 323 903 649 457 234 449 837 467 189
1 749 854 688 427 177 38 234 740 165 343 837 242 592 195 189 696 980 139 921
1 749 688 438 467 494 392 185 507 854 613 427 715 837 323 307 482 620 709 969
1 749 688 438 854 467 65 867 903 253 449 220 842 317 323 572 615 41 26 214
1 749 854 688 438 323 467 307 65 41 253 867 427 856 214 494 139 457 431 903
1 749 688 854 177 427 438 38 323 837 740 307 796 234 537 256 195 620 655 772
1 749 688 177 438 740 537 9 467 494 38 189 392 321 185 253 860 615 507 69
1 749 854 688 438 65 427 323 903 139 177 337 467 649 41 606 494 605 837 392
1 749 688 854 177 65 438 427 139 337 457 867 220 740 81 903 255 826 572 367
1 749 688 177 740 189 321 38 670 537 422 765 848 438 256 984 234 907 401 9
1 749 688 438 323 41 307 796 177 772 852 740 537 99 38 9 119 302 563 411
1 749 688 854 177 38 195 234 65 165 903 696 483 980 649 511 867 171 612 996
1 749 854 427 837 620 139 688 438 457 467 679 680 253 140 177 624 615 740 189
1 749 854 65 867 688 177 438 247 220 387 469 467 740 427 494 903 899 38 185
1 749 688 177 740 438 854 427 467 38 65 867 139 195 696 171 612 903 253 358
1 749 854 427 688 65 837 438 139 323 482 467 867 177 220 711 230 469 117 666
1 749 854 65 867 903 449 842 427 247 84 139 688 492 457 387 679 899 680 438
1 749 688 854 438 467 253 494 65 323 427 41 185 307 772 860 856 411 619 214
1 749 688 177 438 854 467 740 494 253 189 856 65 811 185 374 619 867 541 720
1 749 854 688 177 38 195 381 87 714 438 234 59 65 165 740 356 427 537 483
1 749 854 427 65 837 867 247 139 337 688 387 438 217 903 899 118 449 482 599
1 749 688 854 427 65 867 220 572 115 936 469 177 829 837 620 76 482 655 38
1 749 688 438 467 494 323 177 392 141 190 958 185 41 38 253 507 414 214 966
1 749 854 65 867 688 177 438 427 903 247 610 449 837 174 313 220 830 467 740
1 749 854 65 688 177 38 740 903 649 867 220 247 606 526 610 189 321 297 427
1 749 688 854 427 837 620 278 438 323 139 41 177 655 337 457 561 431 214 741
1 749 854 65 903 427 649 606 449 688 526 837 26 229 611 37 550 143 620 867
1 749 688 177 740 537 9 854 691 438 520 444 323 69 38 65 867 467 237 307
1 749 854 688 438 65 867 467 220 903 247 427 610 177 837 38 449 323 469 139
1 749 688 438 467 494 323 854 177 740 41 537 253 856 427 837 620 189 9 691
1 749 854 65 903 649 606 567 427 139 457 688 447 503 919 438 837 633 467 60
1 749 854 65 427 867 220 247 610 139 688 174 148 469 368 313 737 337 177 740
1 749 854 427 688 837 438 139 177 620 740 537 655 256 189 323 41 467 146 482
1 749 688 438 323 307 772 796 854 427 65 852 837 119 188 867 177 903 482 38
1 749 854 688 438 467 323 65 494 41 214 185 427 903 649 860 110 606 322 867
1 749 854 688 427 837 65 867 177 482 438 323 41 711 247 387 903 610 161 449
1 749 688 854 438 323 65 867 41 214 177 220 572 968 469 115 467 936 307 740
1 749 688 438 467 494 253 392 615 177 856 141 507 966 619 854 693 709 922 323
1 749 854 688 438 323 307 41 427 177 139 837 457 65 903 337 740 189 867 431
1 749 854 688 177 438 740 323 41 38 427 189 195 381 537 837 482 467 234 146
1 749 688 854 438 323 307 65 796 427 139 337 217 772 177 41 160 457 679 188
1 749 688 854 65 427 438 177 837 867 247 323 903 220 41 38 610 174 469 482
1 749 854 427 688 837 177 438 482 620 278 139 467 253 740 711 457 230 189 679
1 749 854 427 688 139 438 323 41 146 337 65 214 81 867 217 177 307 247 826
1 749 854 427 688 177 740 139 337 38 217 457 44 837 482 81 189 711 255 230
1 749 854 427 139 688 177 740 65 189 337 422 81 837 537 438 321 217 467 670
1 749 854 688 427 438 837 482 467 620 65 903 711 230 117 161 323 253 649 606
1 749 688 854 427 837 139 482 711 438 457 230 666 117 530 158 552 49 431 65
1 749 854 65 427 688 903 438 837 177 620 449 38 323 649 606 526 467 139 655
1 749 854 688 177 740 427 139 65 537 256 457 401 903 156 38 337 2 234 449
1 749 854 65 903 867 688 220 449 427 139 649 837 26 572 605 901 990 337 469
1 749 688 438 467 253 856 619 615 811 323 494 854 693 324 413 307 354 65 427
1 749 854 65 427 688 438 903 837 649 606 567 467 323 494 447 482 253 41 704
1 749 688 854 427 438 837 482 177 620 711 323 41 740 655 307 278 230 146 189
1 749 688 438 323 41 467 494 392 177 214 740 968 854 322 38 185 141 189 195
1 749 854 65 688 867 177 903 649 740 438 606 526 220 37 323 189 469 38 368
1 749 854 427 65 688 837 482 711 903 666 867 161 449 158 438 881 350 842 26
1 749 854 688 177 427 139 837 65 337 867 38 195 482 457 711 438 220 161 679
1 749 688 854 65 867 438 177 427 740 837 903 189 323 537 620 307 9 278 41
1 749 688 177 438 323 467 41 146 253 856 619 354 307 740 811 374 38 214 772
1 749 688 854 65 177 38 740 903 234 649 343 189 605 773 427 606 318 526 537
1 749 854 688 438 65 467 494 185 323 41 392 860 613 427 214 837 63 630 146
1 749 688 854 438 177 323 740 38 307 427 772 537 195 411 467 41 851 65 696
1 749 688 438 467 494 392 854 177 740 38 537 185 253 323 856 619 427 541 307
1 749 688 438 854 427 837 177 139 38 323 457 482 230 530 234 431 117 679 337
1 749 688 438 323 177 38 740 41 214 467 307 968 537 322 234 43 854 256 189
1 749 688 177 740 38 195 381 537 854 234 9 343 242 427 484 691 165 520 189
1 749 854 688 177 427 38 234 343 165 195 483 740 65 189 837 139 242 257 194
1 749 688 177 854 38 65 867 438 427 903 467 494 740 220 234 323 837 649 449
1 749 854 65 867 220 572 115 840 247 688 269 644 427 903 936 76 387 172 700
1 749 688 438 854 323 427 65 903 177 38 867 220 139 837 307 649 449 234 467
1 749 854 65 867 247 688 177 438 323 740 38 427 467 387 903 494 610 837 620
1 749 854 427 65 688 867 177 220 139 572 469 903 649 936 38 247 335 76 22
1 749 688 177 38 234 343 195 242 696 381 171 773 438 925 165 358 467 854 65
1 749 854 427 688 177 740 537 9 691 438 189 139 65 337 256 81 520 837 826
1 749 688 438 177 467 323 740 38 189 41 234 146 307 343 321 854 796 193 537
1 749 854 427 688 139 177 337 457 217 982 764 446 254 978 103 560 149 44 65
1 749 854 65 867 427 220 247 139 837 620 688 387 457 572 431 903 136 649 655
1 749 854 65 903 427 837 867 482 230 247 530 681 603 387 220 139 711 457 431
1 749 688 177 38 195 438 696 854 234 171 980 165 427 483 323 139 145 511 612
1 749 688 177 740 537 189 9 38 691 444 237 520 854 321 195 659 422 349 696
1 749 688 177 740 38 195 234 381 696 343 242 980 171 189 87 511 484 612 321
1 749 854 65 867 247 903 449 688 177 842 317 438 740 427 733 610 84 830 591
1 749 854 427 837 65 620 655 336 482 278 994 944 230 913 530 49 486 895 688
1 749 688 854 427 837 139 457 679 177 680 620 65 624 438 337 467 482 217 494
1 749 688 854 438 427 65 467 837 867 220 482 247 139 711 337 620 469 323 494
1 749 854 688 177 740 189 38 427 195 65 438 234 837 381 467 343 537 773 696
1 749 688 177 38 854 65 867 438 427 467 247 220 837 195 381 620 696 387 136
1 749 854 427 688 438 177 65 467 867 139 247 38 457 195 837 220 337 217 253
1 749 854 427 688 139 837 337 438 65 81 903 467 217 482 826 867 44 247 457
1 749 854 427 65 837 688 620 482 230 278 903 449 438 867 220 649 117 711 666
1 749 688 177 740 38 189 438 467 494 321 297 234 422 734 343 165 195 465 155
1 749 688 177 438 38 467 323 854 195 696 307 772 980 171 796 253 852 615 188
1 749 854 427 65 867 688 177 139 438 323 337 903 649 449 740 457 605 189 422
1 749 688 177 854 427 65 867 740 38 234 220 195 139 903 337 438 837 649 605
1 749 854 688 65 438 177 467 38 195 740 903 234 343 427 537 867 247 381 773
1 749 688 854 65 177 438 323 467 38 195 381 867 494 307 740 427 41 696 139
1 749 854 65 867 903 427 220 837 620 469 688 649 177 38 247 368 405 234 568
1 749 854 427 65 688 438 177 903 837 740 38 467 323 494 649 253 537 195 307
1 749 854 65 903 427 139 457 837 620 688 177 649 38 431 606 449 234 195 278
1 749 688 854 438 323 65 41 307 427 146 139 214 772 457 322 431 679 680 262
1 749 854 427 837 139 688 438 467 177 457 337 65 217 482 903 679 740 757 537
1 749 688 438 177 467 740 189 537 854 253 422 427 494 65 615 9 693 155 256
1 749 854 65 688 427 139 337 177 903 457 431 679 649 606 526 75 37 757 540
1 749 688 854 65 177 38 903 195 234 867 649 381 606 605 567 752 343 87 503
1 749 688 438 467 854 494 185 253 860 427 110 837 65 482 392 867 507 63 170
1 749 854 65 903 427 139 688 438 337 467 649 81 867 826 606 605 526 247 752
1 749 688 854 177 438 740 427 323 139 467 41 457 537 38 65 837 620 337 494
1 749 688 854 427 65 837 867 482 230 711 620 139 655 278 161 117 438 336 530
1 749 854 427 65 837 903 482 230 449 711 117 688 161 310 666 26 229 611 350
1 749 854 65 867 427 688 438 177 903 467 740 537 139 457 837 649 494 247 9
1 749 854 427 837 482 688 438 620 323 65 41 867 220 655 572 336 711 278 139
1 749 854 65 427 867 139 688 247 457 438 903 679 837 467 757 879 680 602 147
1 749 688 438 323 307 796 188 41 854 65 852 214 99 322 146 968 940 973 995
1 749 688 177 38 740 854 438 537 65 195 323 427 381 189 837 87 925 139 256
1 749 688 177 438 323 854 65 427 903 867 649 606 220 605 467 526 139 752 449
1 749 854 427 837 620 65 655 482 230 278 688 530 561 681 603 694 711 712 573
1 749 854 427 837 482 711 139 620 666 688 337 158 438 65 867 467 161 220 132
1 749 688 177 740 189 321 422 438 297 346 854 911 734 303 155 790 800 104 465
1 749 854 65 688 438 427 903 177 867 247 220 572 449 467 610 830 26 229 38
1 749 688 438 177 323 41 214 854 740 38 968 234 467 146 189 531 307 253 321
1 749 688 854 177 65 438 867 38 323 234 247 467 253 610 903 387 494 899 136
1 749 854 688 65 427 867 837 482 139 620 438 337 217 81 982 255 587 247 903
1 749 688 438 854 427 177 467 139 337 837 81 323 217 44 494 255 457 587 65
1 749 688 438 467 323 41 253 177 494 214 38 307 185 772 796 146 854 322 65
1 749 688 438 854 427 467 65 867 837 620 139 220 655 177 38 740 337 234 278
1 749 854 65 867 903 220 688 469 368 247 572 335 387 136 610 405 472 80 830
1 749 688 438 854 65 867 323 467 220 427 469 307 335 521 494 772 41 572 139
1 749 688 438 854 323 177 38 740 234 189 65 343 773 321 41 146 193 467 494
1 749 688 177 38 195 234 854 65 381 925 740 165 438 87 537 467 189 422 494
1 749 854 688 427 139 438 177 467 65 457 431 494 253 323 262 38 185 741 679
1 749 854 427 837 482 688 711 177 161 230 620 310 278 438 139 467 457 679 655
1 749 854 688 177 427 438 740 837 482 537 230 9 139 69 337 928 117 711 217
1 749 688 854 427 837 65 903 620 278 694 177 867 740 655 139 438 649 537 449
1 749 688 177 38 195 381 696 87 714 59 6 524 925 187 378 838 980 724 941
1 749 854 65 688 427 177 903 649 38 195 438 606 867 567 447 837 220 381 503
1 749 854 688 438 323 427 41 214 968 139 307 772 531 837 467 154 457 253 620
1 749 688 177 438 467 253 38 195 494 234 696 323 381 87 392 856 615 343 307
1 749 854 65 688 903 867 220 177 740 427 469 649 139 837 337 482 38 230 195
1 749 854 65 427 139 337 903 81 457 255 688 837 867 826 247 587 177 348 38
1 749 688 438 177 854 65 740 903 427 323 867 537 837 247 139 41 256 401 214
1 749 688 177 854 740 189 438 467 38 427 494 234 65 253 615 537 195 165 256
1 749 688 854 438 427 139 337 177 217 44 38 982 81 323 234 467 65 740 951
1 749 688 854 65 438 867 427 220 247 323 610 467 139 41 253 903 307 337 649
1 749 854 427 837 482 620 655 944 278 711 561 666 132 981 913 230 694 65 139
1 749 688 854 427 438 467 494 139 65 457 431 837 482 741 185 613 337 392 867
1 749 854 688 427 65 903 449 177 740 38 537 9 26 69 139 842 362 256 84
1 749 688 177 740 537 189 9 256 401 854 422 65 155 427 102 156 438 268 820
1 749 854 427 837 620 278 694 561 482 230 688 711 177 740 438 530 537 712 256
1 749 854 427 837 482 230 620 688 139 65 337 217 438 44 982 177 867 711 278
1 749 854 65 688 177 867 438 903 740 189 38 195 381 87 323 422 307 796 946
1 749 854 688 427 438 177 38 323 467 307 65 253 234 615 165 324 693 494 185
1 749 688 438 323 41 146 58 854 500 177 214 65 193 955 867 308 999 464 967
1 749 854 65 688 177 867 38 195 247 381 696 171 612 358 610 980 438 740 189
1 749 688 177 38 234 438 467 253 195 740 615 324 696 839 413 305 490 381 617
1 749 854 427 688 837 139 337 217 65 457 438 867 177 220 482 469 230 323 982
1 749 688 177 438 854 38 467 195 234 253 165 615 696 343 242 494 980 392 171
1 749 854 427 65 867 688 438 139 323 337 220 41 214 146 457 968 247 431 58
1 749 688 438 854 65 467 903 177 427 38 195 696 649 494 234 605 323 752 606
1 749 854 688 427 837 177 620 740 482 38 230 530 655 234 139 438 681 944 117
1 749 688 177 438 740 467 854 323 41 307 65 38 146 537 903 867 189 58 234
1 749 854 688 65 177 903 38 649 867 605 438 234 343 773 752 427 992 247 318
1 749 854 427 139 837 65 867 903 220 688 177 38 438 337 482 457 217 230 247
1 749 854 427 65 139 903 688 457 438 177 837 679 649 482 467 431 606 620 740
1 749 688 854 177 427 837 65 867 482 711 903 666 230 740 117 247 158 620 132
1 749 688 177 740 189 438 467 323 854 537 41 9 691 321 427 214 968 531 43
1 749 854 65 427 139 903 837 449 649 482 867 457 679 220 606 711 680 666 757
1 749 854 688 427 177 38 139 65 903 740 537 457 431 649 337 234 438 9 189
1 749 854 688 427 837 177 38 620 655 482 711 740 195 696 381 925 65 161 230
1 749 688 854 427 438 467 253 177 615 323 837 494 185 38 860 613 65 324 234
1 749 688 438 467 253 615 323 693 805 577 177 307 41 772 324 129 565 160 420
1 749 688 854 177 740 38 65 537 195 867 903 427 649 247 696 387 980 606 189
1 749 854 427 837 65 903 139 688 449 26 649 482 867 247 438 220 177 711 337
1 749 854 688 427 177 438 467 740 494 253 185 856 189 38 837 482 615 537 9
1 749 854 427 139 65 903 649 449 605 606 526 752 318 867 457 679 688 992 220
1 749 854 427 688 65 177 438 467 253 903 38 323 307 649 195 234 696 856 449
1 749 854 688 427 139 438 323 41 214 65 837 968 482 307 230 177 772 796 117
1 749 854 427 837 482 65 711 161 903 666 688 177 438 449 867 139 132 776 323
1 749 854 427 65 837 903 688 139 482 438 649 230 605 711 752 177 530 337 318
1 749 854 65 427 139 837 620 457 337 81 431 679 680 278 694 573 561 710 741
1 749 688 854 427 438 837 620 467 139 457 177 38 431 337 679 278 195 262 680
1 749 688 438 854 65 427 467 323 253 615 856 177 903 494 811 693 139 41 324
1 749 688 177 438 38 467 854 494 427 185 195 740 189 422 860 323 613 837 110
1 749 854 427 837 65 867 620 220 247 688 177 655 944 740 139 336 917 201 457
1 749 854 427 837 482 711 620 278 230 655 688 336 561 710 866 438 994 530 65
1 749 854 65 903 449 842 84 867 220 427 492 469 247 317 610 837 572 735 830
1 749 688 177 38 234 195 740 189 321 438 343 670 381 165 297 907 773 765 984
1 749 854 65 427 867 139 837 247 457 337 903 217 482 711 230 982 530 688 610
1 749 854 427 837 620 482 65 867 278 561 247 610 230 655 174 139 117 387 710
1 749 688 854 65 438 323 177 867 903 649 38 449 234 842 41 427 84 165 214
1 749 854 688 438 177 323 38 740 467 41 427 195 537 146 307 234 253 9 381
1 749 854 65 867 247 220 572 688 903 449 936 427 469 842 837 115 840 829 610
1 749 854 65 688 903 867 220 438 469 177 649 427 605 368 467 405 318 572 606
1 749 854 65 867 903 427 837 688 482 139 620 449 247 177 740 220 711 649 438
1 749 688 438 177 323 307 38 195 696 41 214 740 322 234 772 398 574 537 165
1 749 854 65 427 688 438 467 494 253 185 392 323 856 613 715 867 507 903 811
1 749 688 177 854 740 189 438 65 38 427 139 903 537 234 837 449 323 422 457
1 749 688 854 427 139 837 337 81 177 38 255 195 65 217 367 381 982 482 740
1 749 854 688 427 177 438 65 139 740 903 467 189 337 217 321 297 422 81 867
1 749 688 854 438 177 740 189 65 867 467 253 422 494 185 856 392 903 811 860
1 749 688 438 854 427 65 867 903 247 449 220 177 837 38 323 572 387 467 494
1 749 688 438 177 467 854 494 392 185 427 323 139 65 867 740 860 537 63 9
1 749 688 177 854 65 427 139 38 903 195 837 867 457 438 337 740 482 537 679
1 749 854 65 867 427 837 482 620 278 230 694 573 575 139 655 711 987 813 247
1 749 688 438 854 467 253 856 65 619 177 811 867 354 374 740 427 537 256 615
1 749 854 427 139 688 65 837 438 482 230 867 337 117 457 620 220 177 469 572
1 749 688 438 323 854 467 253 41 307 494 772 214 322 146 392 427 940 507 968
1 749 854 65 427 903 649 606 449 139 837 867 688 842 220 26 482 605 229 752
1 749 854 688 177 438 38 323 234 41 427 307 214 65 343 968 773 772 531 740
1 749 688 177 740 438 323 854 189 38 195 65 537 867 41 381 422 696 307 467
1 749 854 427 837 139 65 337 217 620 482 81 255 826 230 44 367 117 867 220
1 749 854 688 177 427 740 38 65 189 903 195 649 381 696 449 980 605 26 87
1 749 688 854 177 38 65 903 867 438 740 449 234 467 343 537 220 242 649 323
1 749 688 177 438 467 740 854 537 256 65 323 401 535 867 41 494 392 141 926
1 749 688 854 438 323 427 41 307 146 65 903 214 322 139 337 217 449 398 796
1 749 854 427 139 688 438 177 457 38 740 189 537 679 234 337 65 422 321 903
1 749 688 177 854 38 740 195 427 65 537 438 139 256 189 416 337 234 696 343
1 749 854 688 438 427 467 494 177 837 323 392 41 253 139 307 457 772 214 740
1 749 688 438 854 177 427 323 38 467 494 195 65 837 867 392 381 253 903 141
1 749 688 854 177 427 38 438 837 467 740 620 234 189 494 392 141 190 482 321
1 749 854 65 867 903 220 469 427 688 247 139 649 335 438 177 337 81 826 929
1 749 688 177 438 854 467 65 323 427 903 649 253 38 139 337 195 457 837 482
1 749 688 438 854 323 427 307 772 65 467 177 38 139 411 740 837 620 482 195
1 749 854 688 438 323 41 427 214 837 620 655 146 944 278 65 467 253 856 177
1 749 854 688 177 65 427 139 837 867 457 247 610 482 740 38 337 387 217 620
1 749 688 177 854 438 427 38 740 537 189 9 422 195 691 848 69 256 401 837
1 749 854 65 903 449 842 26 427 84 229 611 492 496 571 837 721 649 499 606
1 749 688 177 438 854 427 38 837 740 234 139 620 165 65 483 323 307 343 773
1 749 854 427 65 139 837 457 679 680 688 624 140 867 247 803 388 903 610 723
1 749 688 177 438 323 307 772 740 796 160 300 852 485 537 609 189 650 188 256
1 749 688 854 438 323 177 38 65 195 696 867 307 772 234 903 449 427 842 160
1 749 688 438 177 740 323 537 307 467 772 9 854 427 253 41 139 411 837 796
1 749 688 438 854 467 253 615 693 129 498 324 65 427 420 856 811 323 389 619
1 749 854 688 427 438 323 837 177 307 38 41 467 772 195 214 482 253 968 620
1 749 688 438 323 41 854 65 307 427 867 247 214 467 322 220 146 610 903 968
1 749 854 688 438 65 177 38 740 467 867 427 253 837 620 856 903 189 321 655
1 749 688 177 438 323 41 38 195 467 381 214 740 189 146 925 193 494 234 993
1 749 854 427 139 65 903 449 649 457 842 431 337 81 741 255 587 251 826 341
1 749 854 65 867 903 247 649 449 26 606 842 229 611 317 84 882 562 591 845
1 749 688 177 854 65 867 438 247 610 220 830 174 963 740 572 469 903 449 689
1 749 854 427 65 837 139 337 620 867 482 457 81 688 220 177 431 278 262 38
1 749 854 65 903 649 688 438 323 177 427 740 41 214 307 772 867 537 38 605
1 749 854 688 65 427 837 139 482 438 337 457 217 323 41 467 307 620 772 494
1 749 854 65 867 427 837 620 903 449 649 220 482 655 606 278 139 337 230 944
1 749 854 427 837 688 438 620 655 944 278 482 467 913 336 486 230 65 994 177
1 749 688 177 854 38 438 234 343 740 323 41 189 422 165 195 242 848 427 592
1 749 854 688 65 903 867 220 177 572 469 368 936 76 22 335 521 247 274 38
1 749 688 177 854 438 740 467 537 9 69 362 38 189 153 289 427 837 139 482
1 749 688 177 740 854 427 38 537 189 837 620 256 422 321 65 195 482 416 509
1 749 854 427 65 688 867 247 139 837 903 337 387 457 620 449 610 655 899 217
1 749 854 65 867 427 220 247 387 139 469 610 830 899 337 81 368 826 572 837
1 749 688 438 177 38 467 740 234 165 253 537 615 693 256 9 195 416 509 856
1 749 688 854 177 65 903 867 247 387 899 438 770 136 449 467 220 150 80 766
1 749 688 177 38 234 343 438 773 467 165 242 483 477 195 532 253 494 856 185
1 749 854 688 177 65 867 740 38 189 247 438 234 610 165 321 174 467 195 696
1 749 854 65 867 427 220 572 139 337 837 903 688 217 469 649 449 115 26 644
1 749 688 854 427 438 139 467 837 65 903 337 81 255 217 620 367 44 177 683
1 749 854 65 903 427 139 457 337 679 217 44 688 438 837 757 680 431 620 982
1 749 688 438 323 307 41 796 854 467 65 188 772 494 146 411 851 160 412 185
1 749 854 65 903 449 842 649 688 427 867 317 606 567 438 447 503 220 467 323
1 749 688 438 177 467 740 494 189 321 392 297 38 734 185 537 323 465 41 214
1 749 854 65 688 438 323 307 903 772 649 867 220 796 188 449 427 177 160 852
1 749 854 427 688 837 438 323 482 307 711 177 41 214 772 160 620 740 230 968
1 749 688 438 323 307 854 177 41 38 214 427 837 234 146 343 773 165 968 531
1 749 854 65 427 139 867 457 247 431 337 688 220 679 262 438 469 73 572 936
1 749 688 854 65 438 177 427 837 620 482 740 711 655 903 537 38 867 195 449
1 749 854 688 65 867 438 247 610 830 387 467 177 427 899 689 220 778 740 572
1 749 854 427 65 837 903 867 482 449 247 220 688 139 842 457 26 572 610 177
1 749 688 438 467 494 854 177 185 65 867 38 903 253 195 234 323 41 343 773
1 749 688 854 177 38 234 427 837 482 438 195 165 620 278 696 592 230 561 694
1 749 854 688 427 139 337 177 740 837 217 457 620 38 537 44 951 65 256 189
1 749 688 438 323 41 307 146 177 58 467 500 325 66 253 582 955 632 460 615
1 749 688 854 65 867 903 438 449 177 467 247 494 610 740 26 220 323 41 572
1 749 854 65 427 867 139 903 337 837 217 649 982 482 711 44 220 230 605 620
1 749 854 65 903 688 438 427 449 649 177 139 605 337 467 323 26 41 494 38
1 749 854 427 65 867 837 139 457 903 449 220 247 649 337 606 688 679 482 81
1 749 854 65 903 649 449 867 26 688 220 177 606 605 567 247 387 38 842 317
1 749 688 854 438 177 323 41 740 467 253 65 856 867 615 494 220 38 619 214
1 749 688 438 177 854 323 427 467 837 620 482 307 711 655 796 336 161 852 99
1 749 688 438 467 177 740 253 856 811 537 323 619 189 9 374 69 691 529 520
1 749 688 177 438 854 65 867 740 38 189 247 610 467 537 323 174 253 220 41
1 749 688 177 740 189 854 537 38 195 321 9 381 670 427 139 256 696 691 87
1 749 688 177 854 427 740 139 438 323 537 9 69 467 691 65 256 416 337 41
1 749 854 688 438 467 65 253 177 867 615 856 220 469 619 541 572 494 693 936
1 749 854 688 427 438 139 323 177 467 740 494 337 537 307 253 81 189 185 856
1 749 854 65 688 867 177 220 38 195 740 234 381 165 483 427 696 532 592 572
1 749 688 854 177 65 427 903 449 842 38 139 26 837 901 107 229 337 482 195
1 749 854 427 65 688 177 438 323 307 867 38 234 195 220 41 139 146 193 343
1 749 854 427 65 837 139 620 278 694 688 987 482 573 457 813 177 337 299 575
1 749 688 854 427 438 65 837 903 482 449 467 842 230 494 177 649 605 84 867
1 749 688 438 467 854 177 38 427 139 234 65 740 323 494 837 903 253 165 337
1 749 688 177 438 323 38 854 740 65 903 41 146 234 537 256 867 189 9 427
1 749 688 438 177 323 740 38 195 381 854 537 467 494 427 65 185 253 696 189
1 749 854 427 837 482 230 620 655 711 688 177 139 457 666 431 337 262 438 132
1 749 688 438 177 740 537 189 323 422 467 848 494 155 253 321 245 790 185 307
1 749 688 177 438 323 854 467 494 41 65 867 740 185 220 247 387 189 38 234
1 749 854 688 427 65 438 323 41 903 867 139 649 457 214 337 606 146 58 247
1 749 688 854 65 438 467 867 220 177 903 572 449 649 494 253 323 615 247 324
1 749 688 854 65 177 427 38 234 438 837 323 195 41 467 740 494 165 592 307
1 749 688 854 427 139 457 837 431 337 262 73 482 177 443 230 277 38 834 53
1 749 854 688 427 177 740 837 65 482 903 620 438 230 467 117 494 655 537 649
1 749 688 177 38 195 234 381 165 925 740 592 87 537 187 483 696 116 946 419
1 749 688 177 438 323 740 467 307 41 772 38 854 494 796 392 253 65 160 852
1 749 854 688 177 740 189 438 321 297 670 537 9 256 907 346 691 401 444 467
1 749 854 688 65 427 903 649 449 177 606 38 605 837 842 752 234 84 318 244
1 749 688 177 854 740 537 427 9 438 837 482 711 256 69 401 230 620 117 323
1 749 688 177 38 854 195 427 234 381 139 87 438 165 714 837 356 592 925 946
1 749 854 688 177 740 438 467 38 189 65 422 537 253 427 848 195 696 171 494
1 749 688 177 438 854 467 323 253 307 740 772 427 189 537 411 851 422 796 160
1 749 854 688 438 323 41 146 467 65 903 214 307 772 58 411 796 852 851 649
1 749 854 65 688 903 649 605 867 318 177 740 247 610 537 220 752 449 38 256
1 749 854 688 427 837 482 65 177 230 867 139 337 740 438 323 903 530 41 649
1 749 854 688 438 323 427 837 467 139 494 307 457 620 185 860 65 772 903 160
1 749 854 688 65 427 903 177 867 837 139 740 337 457 217 431 449 220 679 38
1 749 688 177 740 537 9 438 467 256 38 416 691 234 144 553 253 945 520 195
1 749 688 854 427 177 837 482 65 38 234 867 711 230 343 220 161 195 242 438
1 749 854 427 65 903 649 449 605 26 606 567 837 688 447 229 620 526 278 75
1 749 854 65 688 903 649 606 449 605 26 526 438 75 842 467 494 901 185 323
1 749 854 688 177 38 195 740 696 427 381 189 422 321 87 946 281 714 171 612
1 749 854 65 867 903 220 688 449 649 572 26 842 901 605 752 992 177 92 438
1 749 854 65 427 903 649 837 620 482 711 688 606 867 438 467 253 177 247 323
1 749 854 688 177 38 427 65 438 903 740 449 842 867 220 837 234 139 26 189
1 749 688 854 438 323 65 903 867 449 427 247 842 837 620 307 772 220 387 649
1 749 688 438 323 467 177 38 740 537 256 416 401 9 509 307 494 772 69 392
1 749 854 65 903 688 649 177 606 38 605 526 37 449 318 752 567 195 75 667
1 749 688 177 38 234 438 195 343 854 696 242 171 358 612 65 773 740 381 971
1 749 688 854 65 438 467 323 867 253 903 177 494 307 220 185 860 38 796 449
1 749 854 688 438 323 427 467 253 615 856 307 772 796 139 494 324 411 837 337
1 749 688 438 323 41 214 307 322 968 146 398 58 531 154 43 45 500 325 582
1 749 854 65 688 177 438 867 38 427 323 195 41 903 146 467 449 842 494 193
1 749 854 427 837 482 711 620 655 278 230 117 161 336 917 139 304 138 350 530
1 749 854 427 65 139 457 337 837 482 620 711 81 666 255 367 587 826 158 835
1 749 854 427 139 457 65 679 431 837 337 757 867 879 217 44 903 951 688 649
1 749 688 438 854 65 903 323 449 467 842 867 307 427 317 26 177 772 160 412
1 749 854 427 837 482 620 711 688 278 438 694 561 712 573 987 65 357 813 323
1 749 854 427 837 620 482 278 711 666 561 710 161 688 533 655 158 881 130 230
1 749 854 65 427 688 867 837 220 469 482 368 472 230 405 139 711 620 438 467
1 749 688 177 38 195 438 234 696 740 381 87 189 171 854 714 422 925 467 187
1 749 688 854 65 903 177 867 247 649 427 220 449 605 740 189 387 469 438 837
1 749 854 65 903 867 220 427 449 26 901 649 107 688 469 335 247 606 229 837
1 749 688 854 438 467 494 185 65 253 613 856 427 715 323 903 307 392 860 867
1 749 688 177 740 189 537 854 321 297 734 9 465 427 139 976 837 256 401 691
1 749 854 688 427 177 740 438 323 189 837 38 41 620 321 537 278 234 165 467
1 749 688 854 65 177 740 438 467 427 139 253 537 867 837 256 220 323 247 401
1 749 854 65 427 688 438 867 467 494 253 615 392 693 323 856 837 307 507 139
1 749 854 427 688 139 177 438 323 337 41 146 58 81 214 217 500 467 65 44
1 749 854 688 65 177 438 467 253 615 427 323 837 620 693 740 41 655 944 913
1 749 854 65 903 688 867 220 427 469 572 177 115 649 837 740 936 368 472 247
1 749 854 688 427 837 438 467 65 620 482 139 711 161 310 350 230 494 903 392
1 749 688 438 467 253 323 856 811 615 324 839 529 627 41 821 854 619 786 399
1 749 854 427 65 139 337 837 482 867 217 711 688 81 903 247 230 220 177 438
1 749 688 177 740 537 9 38 438 467 253 256 494 416 856 144 323 553 619 307
1 749 854 427 688 837 620 482 711 438 323 655 666 158 336 881 917 161 139 944
1 749 688 854 177 38 195 65 696 234 165 903 980 867 247 427 387 592 837 145
1 749 688 438 177 323 740 38 307 234 165 592 189 537 321 41 297 670 9 907
1 749 688 438 177 467 854 38 65 234 427 903 494 343 165 649 606 592 567 185
1 749 688 438 177 467 854 65 323 253 494 38 195 392 381 234 87 507 185 165
1 749 688 177 38 438 323 740 467 854 494 65 427 189 321 41 253 307 195 615
1 749 688 854 65 177 867 740 438 427 323 467 38 139 253 41 457 837 234 307
1 749 854 65 688 867 177 220 38 469 427 335 572 368 903 936 195 521 50 597
1 749 688 854 65 177 438 38 903 449 867 842 323 195 234 343 467 247 740 242
1 749 854 688 177 38 740 189 65 537 9 195 427 867 381 696 903 837 980 438
1 749 688 854 65 177 438 427 740 537 837 482 189 903 620 230 422 530 117 323
1 749 688 177 38 234 438 343 323 467 773 971 195 242 696 494 854 740 131 41
1 749 688 854 65 438 867 467 427 220 837 253 615 139 572 337 177 457 856 740
1 749 854 427 837 482 230 688 117 138 72 620 794 711 912 552 655 662 278 298
1 749 854 688 427 837 65 177 139 867 620 482 278 230 903 337 438 530 740 49
1 749 688 177 38 234 343 195 773 131 235 438 323 971 918 696 242 381 467 484
1 749 688 438 467 177 38 234 854 323 494 740 537 189 253 321 615 427 343 165
1 749 688 854 438 177 38 740 427 195 234 189 381 343 165 592 925 87 696 139
1 749 854 427 139 688 457 837 177 740 679 189 65 903 537 256 438 620 9 431
1 749 688 854 427 177 139 438 740 467 337 189 837 253 65 615 81 867 38 321
1 749 854 65 688 903 649 427 449 605 177 837 26 438 139 606 318 457 323 679
1 749 854 65 427 903 837 139 482 711 688 438 449 26 230 842 530 681 229 727
1 749 688 854 427 139 177 337 438 81 467 826 255 38 195 381 740 457 189 929
1 749 688 438 467 494 392 507 253 323 856 307 185 177 613 854 38 860 715 615
1 749 854 688 438 177 323 38 467 253 234 494 427 615 195 65 165 867 693 185
1 749 854 65 427 867 220 688 247 837 438 572 903 387 177 740 467 115 840 269
1 749 854 688 427 177 438 323 41 214 467 139 740 146 457 537 193 431 837 494
1 749 688 854 427 139 438 323 177 307 337 38 81 837 65 826 234 772 165 929
1 749 854 65 867 903 649 449 842 247 688 317 610 427 438 323 606 526 177 37
1 749 854 688 65 438 177 427 837 867 139 482 337 217 230 457 679 81 38 620
1 749 854 427 837 688 438 620 177 278 740 482 38 195 711 323 561 666 537 41
1 749 854 427 688 65 438 867 467 177 139 337 740 253 903 494 217 323 185 649
1 749 688 438 854 177 323 740 65 189 467 41 321 297 422 427 903 139 837 848
1 749 854 688 427 139 177 38 195 696 381 171 612 438 323 740 457 358 65 259
1 749 854 688 427 139 457 65 337 837 482 438 711 217 161 679 310 982 81 350
1 749 688 854 65 438 323 903 449 867 842 427 649 26 307 139 337 457 772 84
1 749 688 438 323 854 177 307 427 38 65 903 649 605 234 343 772 41 740 467
1 749 688 177 38 438 740 537 189 321 234 467 494 323 185 9 165 613 422 483
1 749 854 65 903 867 220 247 387 449 26 899 688 842 229 770 901 317 649 177
1 749 854 65 867 247 688 387 903 177 438 467 220 253 740 38 136 572 856 115
1 749 688 854 65 438 867 247 467 903 177 649 610 605 494 427 837 323 253 174
1 749 688 854 65 427 438 323 307 772 411 41 214 146 193 796 837 999 160 322
1 749 688 177 740 38 854 438 234 537 195 427 139 343 189 773 422 256 457 848
1 749 688 177 438 38 195 696 381 925 260 87 980 187 467 234 165 920 580 239
1 749 854 427 65 139 337 903 217 688 457 431 837 982 44 620 559 679 262 649
1 749 854 688 177 427 740 65 837 189 620 867 38 321 482 537 230 195 139 278
1 749 854 65 688 867 903 247 177 387 610 740 174 649 313 830 136 899 427 148
1 749 688 438 323 467 41 146 177 38 253 615 195 494 193 307 993 214 975 58
1 749 688 854 177 65 740 38 195 903 381 649 537 449 842 696 84 605 925 87
1 749 688 438 467 494 323 177 185 307 860 110 38 41 195 740 234 537 772 160
1 749 854 427 688 837 482 230 139 438 530 457 679 757 467 117 552 431 494 549
1 749 854 65 427 903 649 867 606 139 567 449 503 457 431 633 688 438 30 842
1 749 854 65 867 427 139 247 610 903 387 457 649 688 220 337 572 438 830 136
1 749 688 177 38 740 195 438 854 234 537 381 65 256 696 925 416 427 837 187
1 749 688 177 854 740 537 9 438 467 189 253 422 427 321 256 155 401 323 691
1 749 854 427 688 837 620 482 65 177 903 438 740 323 711 655 139 41 307 867
1 749 688 177 38 234 195 165 696 592 854 438 381 980 87 483 323 145 921 925
1 749 854 427 837 139 482 688 457 230 620 65 337 81 826 530 203 681 117 552
1 749 854 688 177 65 438 467 253 427 903 38 615 867 740 323 494 449 392 139
1 749 854 427 837 139 457 337 81 65 217 982 44 903 431 764 867 683 826 616
1 749 688 854 65 903 867 649 427 438 605 449 318 606 752 220 572 247 842 837
1 749 688 177 740 537 189 854 65 903 649 867 256 427 449 247 842 610 38 605
1 749 854 688 65 438 903 323 867 467 247 649 605 427 177 253 220 615 856 318
1 749 688 438 323 177 41 854 427 214 139 837 65 337 467 146 457 81 494 185
1 749 854 427 837 139 620 655 944 482 337 81 336 217 688 44 951 683 548 826
1 749 688 177 38 740 854 234 189 422 343 537 195 381 65 848 427 837 245 438
1 749 688 438 854 65 903 649 323 605 177 41 752 740 146 189 318 193 321 92
1 749 854 65 688 867 177 438 467 740 247 323 494 903 185 387 610 41 830 613
1 749 688 438 177 38 323 195 467 854 41 146 427 193 139 381 696 337 217 171
1 749 688 177 854 427 837 438 467 253 494 392 185 141 615 613 482 38 715 190
1 749 854 427 688 438 467 494 323 307 65 903 177 41 185 772 860 160 300 38
1 749 688 438 467 494 854 323 253 307 177 185 65 740 537 613 856 427 41 189
1 749 854 65 903 688 649 177 427 139 438 605 38 323 606 752 740 92 526 567
1 749 854 427 688 438 837 620 655 467 323 944 336 307 994 482 913 382 177 246
1 749 854 427 837 482 65 139 620 337 903 230 278 561 457 431 710 649 694 866
1 749 854 65 688 438 903 867 323 247 387 307 649 605 899 318 473 136 244 434
1 749 688 438 323 307 796 772 41 214 854 427 160 852 837 65 867 177 146 411
1 749 854 427 65 139 688 457 903 177 740 649 189 679 606 38 422 431 757 680
1 749 854 65 427 139 457 337 837 217 688 620 438 482 278 982 561 467 81 177
1 749 854 65 688 867 427 438 903 220 649 605 323 177 572 247 115 387 307 139
1 749 688 438 467 253 854 65 856 494 867 185 811 903 220 572 615 469 860 324
1 749 688 177 438 740 38 537 323 854 41 256 467 214 253 615 968 401 189 156
1 749 688 177 854 438 65 323 740 307 537 256 427 41 867 146 796 903 193 139
1 749 854 427 688 139 337 217 44 457 65 177 740 982 683 679 189 431 438 616
1 749 854 65 903 649 688 427 867 438 220 449 606 469 323 139 572 467 307 177
1 749 854 65 427 903 139 688 649 438 606 457 177 740 323 605 467 38 494 567
1 749 854 688 177 438 740 38 537 189 467 195 427 65 323 903 253 649 867 220
1 749 688 177 38 438 740 195 696 323 234 467 41 214 854 253 189 146 322 343
1 749 854 65 427 139 867 688 903 449 26 837 620 438 467 842 278 457 323 494
1 749 854 688 438 323 65 41 214 307 867 467 322 253 494 615 427 392 141 507
1 749 854 688 438 467 65 177 427 253 903 323 856 837 649 139 605 752 318 473
1 749 854 427 139 457 337 65 903 837 482 230 711 117 81 688 217 449 26 620
1 749 688 854 177 438 323 740 427 537 256 65 401 535 189 903 926 867 649 307
1 749 688 438 467 494 392 854 141 190 922 65 323 185 414 860 110 63 958 613
1 749 854 688 177 38 195 427 696 234 165 343 773 740 483 189 422 971 155 65
1 749 854 427 837 65 482 139 688 711 230 666 903 438 177 117 158 552 620 662
1 749 854 65 903 867 649 606 688 567 427 837 620 220 526 37 469 247 610 482
1 749 854 65 427 867 139 220 837 572 247 610 830 620 457 469 337 936 431 689
1 749 854 65 867 903 649 220 247 688 427 177 438 449 842 469 139 610 84 467
1 749 688 438 177 467 38 234 494 185 860 613 392 110 343 63 391 170 600 528
1 749 854 65 867 688 903 649 438 220 449 572 323 936 307 772 796 41 829 606
1 749 688 177 38 438 467 195 234 165 483 696 980 257 532 854 65 194 276 323
1 749 854 427 139 337 65 81 826 457 903 649 867 220 572 606 217 605 688 526
1 749 854 688 438 65 177 323 41 307 903 467 146 740 772 38 234 160 193 867
1 749 688 854 438 65 467 903 323 307 796 494 852 649 99 185 41 860 302 188
1 749 854 688 177 38 195 438 696 234 343 65 242 165 171 867 427 467 612 903
1 749 688 854 177 65 867 438 38 740 247 189 195 427 837 610 696 620 323 903
1 749 688 854 438 323 307 41 214 177 740 537 968 467 189 422 322 155 65 940
1 749 688 854 427 139 65 867 457 177 837 431 38 220 741 195 679 740 189 381
1 749 854 65 688 438 177 467 323 307 494 427 253 740 392 141 867 38 922 903
1 749 854 65 688 177 38 740 195 438 381 323 234 307 696 41 796 980 188 171
1 749 854 688 427 139 177 837 337 81 38 482 826 230 234 343 65 255 217 620
1 749 688 854 177 65 903 38 649 605 318 427 837 449 139 457 431 482 230 438
1 749 854 427 837 482 230 117 530 138 711 139 912 72 620 666 337 49 457 688
1 749 688 438 323 177 740 854 427 837 38 307 65 234 139 189 467 165 41 772
1 749 854 65 427 837 620 867 655 139 278 337 482 217 44 944 247 561 230 117
1 749 688 438 854 427 467 837 620 278 177 38 740 253 655 65 482 323 234 711
1 749 688 177 38 854 195 234 696 171 612 438 358 165 343 483 543 65 467 740
1 749 854 688 427 139 177 837 482 230 65 337 438 117 530 681 49 78 217 603
1 749 688 177 854 38 427 195 740 837 438 620 65 381 323 482 537 230 696 278
1 749 688 854 427 139 457 431 177 38 234 337 262 217 438 165 65 467 982 323
1 749 688 854 177 740 427 438 837 65 903 620 323 482 189 321 297 307 139 467
1 749 688 438 854 467 323 307 796 41 177 253 856 772 811 740 160 411 38 412
1 749 854 688 177 427 740 65 438 867 247 387 903 136 220 449 323 467 494 307
1 749 854 65 688 903 449 427 842 139 177 337 217 44 84 982 951 317 733 492
1 749 688 438 467 253 615 324 177 494 185 38 323 693 392 856 413 619 839 354
1 749 688 438 177 323 854 467 65 740 494 253 307 796 772 537 41 189 411 185
1 749 688 438 323 41 146 58 45 467 769 500 854 177 91 307 772 740 411 160
1 749 688 177 438 854 740 189 537 427 256 139 337 837 38 323 321 297 670 81
1 749 854 65 427 837 139 482 230 457 711 688 337 438 177 740 467 620 161 903
1 749 688 438 467 854 494 177 185 427 860 110 392 38 195 253 63 696 528 780
1 749 854 65 427 903 867 247 837 220 482 649 606 526 449 139 605 26 567 610
1 749 688 177 38 438 195 467 494 234 165 253 615 324 839 185 613 483 343 856
1 749 688 438 467 494 253 615 856 323 392 811 374 576 904 529 720 307 264 141
1 749 688 854 438 467 253 856 177 427 494 811 139 337 374 740 392 615 217 65
1 749 688 438 854 323 177 467 494 38 195 41 214 968 427 234 139 740 381 531
1 749 854 65 903 688 177 427 867 38 139 337 220 195 837 247 234 620 387 136
1 749 854 427 688 837 620 65 438 323 278 694 987 655 307 336 177 38 195 917
1 749 688 177 438 854 467 494 253 65 740 189 856 38 427 537 139 185 903 619
1 749 854 65 688 438 323 177 467 253 307 867 220 740 38 856 615 324 537 427
1 749 854 427 139 65 837 620 688 655 438 944 278 561 694 712 987 177 813 903
1 749 688 438 854 177 467 740 65 427 903 837 867 323 220 537 482 247 469 649
1 749 854 427 65 867 837 903 649 482 230 711 247 610 620 220 469 666 387 335
1 749 854 688 438 177 323 65 307 427 903 740 649 449 139 38 41 837 467 842
1 749 854 427 139 337 217 688 81 177 837 826 44 255 951 218 683 929 367 438
1 749 854 65 427 903 649 837 606 620 278 867 561 694 987 567 712 605 247 357
1 749 688 177 740 38 438 537 854 234 195 343 381 925 323 260 427 165 920 256
1 749 854 427 688 139 457 837 431 741 177 679 620 65 38 655 740 336 757 482
1 749 688 177 438 467 494 392 740 38 189 323 321 195 696 381 41 87 171 185
1 749 688 177 854 740 65 903 649 189 449 427 867 438 842 467 422 537 606 155
1 749 854 427 688 438 65 177 139 740 337 537 837 867 220 482 38 195 903 649
1 749 688 177 38 740 189 854 427 139 537 234 165 457 337 343 483 242 217 431
1 749 688 854 177 740 38 195 234 427 837 482 230 381 925 87 65 537 256 343
1 749 688 854 427 65 177 740 537 256 9 401 535 38 903 926 139 122 234 691
1 749 688 177 38 854 438 740 537 256 189 323 195 307 401 772 65 467 867 381
1 749 688 438 854 177 38 427 467 234 139 740 537 323 253 65 494 343 337 165
1 749 854 688 177 65 903 38 649 438 427 234 467 494 139 185 449 842 343 165
1 749 854 65 427 867 688 903 220 572 649 247 449 606 567 503 633 30 115 644
1 749 688 438 177 323 41 307 796 188 854 772 427 973 65 852 214 223 322 146
1 749 854 427 65 139 337 688 837 867 620 457 247 482 711 278 161 230 217 438
1 749 688 438 854 323 467 494 253 41 856 307 772 411 427 185 139 214 811 337
1 749 688 177 740 189 854 427 65 139 867 337 457 247 837 220 321 217 422 469
1 749 854 65 903 867 688 649 247 438 606 220 610 467 323 526 307 449 469 387
1 749 688 438 177 854 323 38 740 537 427 189 65 234 9 256 343 773 867 165
1 749 854 65 867 688 438 427 177 467 903 247 139 220 337 81 457 469 431 38
1 749 688 438 177 323 41 307 854 146 65 427 214 193 58 740 467 322 796 398
1 749 854 427 139 837 65 457 679 620 757 903 649 482 680 230 867 337 247 540
1 749 854 427 139 837 482 65 867 688 337 903 217 620 457 449 247 982 842 220
1 749 688 438 177 740 189 38 321 234 195 537 696 171 467 256 253 401 670 535
1 749 854 65 427 837 688 438 139 903 177 482 323 467 740 620 449 38 307 649
1 749 688 177 38 854 427 195 381 139 438 837 696 620 740 323 537 256 457 234
1 749 688 854 438 467 494 323 253 41 615 307 65 903 649 324 856 427 867 796
1 749 854 688 177 38 234 65 740 195 903 165 537 696 483 189 592 381 427 925
1 749 854 65 867 903 649 606 567 247 449 503 688 427 139 633 526 986 37 610
1 749 854 427 65 837 688 620 438 139 337 655 81 826 944 482 467 278 323 867
1 749 688 854 65 438 903 177 467 649 494 740 867 253 856 427 323 185 615 811
1 749 854 65 867 247 688 610 438 174 220 177 467 903 830 740 189 449 842 38
1 749 854 688 65 903 649 606 567 438 867 467 605 449 526 26 503 842 75 494
1 749 854 688 438 427 467 177 494 323 65 41 740 189 253 422 139 337 848 392
1 749 688 854 65 438 177 867 247 38 323 41 610 830 174 234 467 313 195 737
1 749 688 177 854 438 323 41 307 65 867 38 220 247 796 188 214 469 322 610
1 749 854 427 65 139 688 177 740 903 867 449 38 26 842 317 229 189 457 679
1 749 688 438 854 65 427 467 903 139 649 837 606 605 449 318 177 842 26 337
1 749 688 854 438 65 177 467 494 38 234 427 740 867 139 343 247 773 610 185
1 749 688 854 438 177 65 38 195 696 740 381 87 714 537 427 903 256 9 323
1 749 854 427 139 65 903 337 867 688 649 247 605 752 606 438 177 526 457 467
1 749 688 177 740 189 422 854 438 467 321 537 155 427 256 253 615 837 790 848
1 749 688 438 854 177 323 740 38 467 537 189 195 234 41 165 381 87 925 9
1 749 854 427 688 837 482 230 438 139 65 467 323 620 253 867 177 655 337 81
1 749 688 177 438 854 467 494 38 427 185 65 613 253 867 247 715 387 234 903
1 749 688 438 323 854 427 65 467 139 307 796 494 337 217 852 253 903 856 119
1 749 688 438 467 177 38 854 427 740 837 65 537 9 69 903 691 449 189 482
1 749 688 854 177 427 438 467 38 234 323 837 740 253 856 195 307 494 772 696
1 749 854 427 139 337 688 81 217 65 826 203 837 929 828 903 449 44 867 751
1 749 688 854 65 177 867 903 220 449 469 335 50 368 740 247 387 572 136 80
1 749 854 688 427 65 438 837 323 867 247 220 610 174 572 936 177 313 830 740
1 749 688 438 467 323 41 307 772 411 854 796 160 852 128 214 146 58 188 45
1 749 688 177 38 195 696 980 381 234 145 171 511 18 740 854 87 427 358 415
1 749 688 438 854 177 740 467 253 323 41 615 38 856 234 811 537 165 592 619
1 749 854 65 903 867 427 139 837 482 337 449 247 610 217 220 620 26 982 229
1 749 854 688 438 467 177 427 740 537 837 253 482 189 65 494 9 69 928 323
1 749 854 688 177 38 427 837 482 711 234 65 230 438 195 666 158 696 132 165
1 749 688 438 177 467 494 740 38 323 185 189 41 253 422 195 381 214 537 925
1 749 688 177 38 438 195 234 165 323 381 925 41 187 307 467 772 253 260 146
1 749 854 427 837 65 620 482 711 655 336 917 867 304 139 220 870 278 230 457
1 749 688 438 177 854 740 323 427 467 253 856 619 139 494 185 189 321 837 457
1 749 688 177 38 234 438 740 467 195 537 256 854 427 139 9 165 189 837 381
1 749 854 65 427 867 220 837 247 572 688 139 620 438 903 337 469 368 323 467
1 749 688 854 65 427 837 438 139 467 494 620 177 903 649 482 655 392 253 457
1 749 854 688 65 427 867 139 903 449 438 26 842 467 649 253 856 606 526 811
1 749 688 177 38 438 195 696 171 234 980 145 511 165 343 773 740 889 323 971
1 749 854 688 177 65 903 38 867 234 740 343 449 427 165 242 220 477 484 189
1 749 854 427 837 139 337 457 688 620 177 278 561 694 712 65 357 867 217 81
1 749 688 177 438 467 740 854 65 38 323 234 189 903 449 343 307 165 427 773
1 749 854 427 837 139 688 438 177 467 494 65 323 903 867 620 38 649 195 185
1 749 854 427 688 65 177 740 38 537 903 256 837 234 482 649 606 438 323 526
1 749 854 688 177 38 234 343 427 195 139 381 337 457 165 217 44 483 81 65
1 749 854 65 427 867 903 139 220 457 469 431 688 741 837 649 337 605 606 177
1 749 854 65 867 247 220 387 610 136 434 174 830 469 688 689 903 572 115 899
1 749 688 177 740 38 195 234 381 696 189 422 165 848 245 470 321 799 297 301
1 749 688 177 740 438 537 467 9 256 69 38 253 494 195 416 696 234 189 509
1 749 854 65 688 427 139 867 457 220 903 438 467 649 431 837 572 177 253 323
1 749 854 65 903 449 867 842 688 220 572 649 115 26 644 605 901 288 936 840
1 749 688 854 65 177 903 740 867 427 220 572 189 936 115 469 139 457 449 247
1 749 854 427 688 837 482 620 139 177 337 230 65 457 530 81 278 826 740 867
1 749 854 427 688 139 65 438 867 220 903 649 323 606 567 457 431 503 741 177
1 749 854 427 688 837 620 278 482 655 711 177 740 336 189 321 65 230 944 561
1 749 688 854 65 867 220 469 368 427 247 610 335 830 50 438 405 521 572 568
1 749 854 427 837 482 688 177 620 740 711 438 323 230 189 65 537 666 41 867
1 749 854 65 688 427 903 867 247 220 139 837 649 469 368 482 572 472 438 711
1 749 854 688 427 837 438 65 482 139 230 177 323 467 620 494 655 117 530 944
1 749 688 438 323 177 467 854 307 38 195 234 740 253 494 381 696 537 171 343
1 749 854 65 867 688 247 220 469 572 177 387 936 903 438 610 740 449 115 644
1 749 854 688 438 323 65 427 307 177 867 247 387 220 41 136 572 139 214 772
1 749 854 688 427 837 438 323 482 467 139 494 230 392 620 457 337 530 253 711
1 749 854 65 688 903 177 438 649 605 467 740 537 9 494 253 189 38 422 69
1 749 688 438 177 740 854 38 427 837 323 195 696 381 307 139 457 234 171 337
1 749 688 854 438 65 177 323 903 307 449 842 796 867 41 220 84 852 38 740
1 749 688 854 177 427 38 195 65 837 696 867 620 655 247 139 171 387 358 336
1 749 688 177 38 740 234 537 256 854 427 401 156 416 343 65 195 189 2 867
1 749 688 177 854 38 234 740 165 483 343 65 189 257 422 773 321 297 131 438
1 749 854 688 65 427 438 837 482 323 711 230 620 117 903 177 552 38 139 449
1 749 688 177 740 854 427 38 139 438 323 65 195 381 87 189 422 848 946 281
1 749 854 65 903 867 247 649 220 387 899 770 150 606 610 118 605 702 688 567
1 749 854 427 688 177 837 620 655 139 38 278 694 740 944 438 987 195 537 189
1 749 688 438 177 854 38 323 195 467 65 307 903 427 449 494 234 41 185 860
1 749 688 438 177 323 740 467 537 854 256 253 416 509 25 433 189 494 392 373
1 749 688 177 740 854 65 903 537 256 867 9 220 572 691 449 444 469 649 335
1 749 854 688 427 438 837 467 65 253 482 139 337 856 615 620 230 324 494 185
1 749 854 688 427 139 837 65 903 438 620 482 655 278 177 694 711 573 230 649
1 749 854 65 688 177 867 220 247 572 740 115 189 427 38 195 422 644 288 642
1 749 854 688 177 38 234 165 343 740 483 242 484 65 438 886 189 321 323 195
1 749 854 688 65 427 139 867 220 247 337 469 610 837 81 217 177 44 951 438
1 749 854 65 867 247 903 427 220 837 688 572 115 438 467 649 482 469 323 936
1 749 688 438 177 467 323 38 494 854 65 185 860 195 234 381 87 110 925 41
1 749 688 177 438 467 854 323 307 772 41 411 146 796 494 185 851 58 253 160
1 749 854 427 688 837 139 337 177 217 44 65 482 903 81 438 457 649 449 683
1 749 688 854 65 867 247 387 903 438 177 136 38 434 467 396 899 323 649 80
1 749 688 854 427 65 139 337 217 837 620 278 44 982 694 438 683 616 457 559
1 749 854 427 837 688 139 177 65 740 189 337 867 620 38 220 438 422 247 234
1 749 688 177 38 195 854 438 740 189 467 422 381 848 925 87 470 245 260 239
1 749 688 438 177 854 65 427 903 837 740 449 842 323 537 26 38 84 234 649
1 749 854 688 177 740 438 323 427 41 467 494 537 392 139 65 837 189 620 337
1 749 854 65 867 427 139 247 337 81 688 457 177 837 438 467 220 610 620 174
1 749 854 65 903 649 688 177 605 449 438 38 318 195 26 244 323 338 740 842
1 749 688 438 854 177 740 427 65 38 189 867 422 467 247 610 253 387 139 174
1 749 854 427 139 337 688 217 177 44 837 740 620 655 944 913 278 438 467 738
1 749 854 427 65 867 903 247 449 688 387 649 899 837 118 438 139 467 337 323
1 749 854 65 903 449 26 427 688 901 177 842 438 323 990 467 867 275 247 38
1 749 688 177 854 427 65 903 740 649 189 321 438 449 323 467 537 9 605 691
1 749 854 65 903 688 449 649 605 842 438 867 467 84 247 323 220 610 469 830
1 749 688 438 467 323 494 177 38 854 65 307 903 427 772 185 449 234 649 842
1 749 854 427 837 139 482 711 457 431 679 65 903 262 688 337 438 81 230 467
1 749 854 427 688 837 620 278 139 655 336 438 994 323 307 561 796 772 160 41
1 749 854 427 837 620 688 177 139 482 655 38 438 278 337 195 65 230 867 696
1 749 854 427 688 65 837 177 620 38 278 561 438 655 712 272 944 467 357 336
1 749 688 177 854 65 740 438 189 323 867 321 247 387 220 427 469 670 307 837
1 749 688 438 177 740 537 467 189 323 494 9 38 691 422 234 343 520 253 615
1 749 854 65 867 427 837 247 220 610 174 148 139 544 469 572 830 736 457 506
1 749 854 65 688 903 649 427 438 323 837 177 620 38 278 467 494 234 185 605
1 749 854 427 65 139 837 482 337 81 457 255 679 217 826 230 117 431 688 44
1 749 688 854 427 837 177 740 139 620 65 278 482 903 561 537 449 842 189 655
1 749 854 65 867 427 903 837 449 139 26 482 229 230 649 688 117 247 711 457
1 749 854 427 688 438 323 41 837 146 139 482 193 999 230 464 307 214 457 65
1 749 854 688 438 467 65 903 867 220 572 115 247 449 610 253 177 387 649 494
1 749 854 65 903 688 449 649 26 867 177 427 438 842 317 740 189 220 605 901
1 749 854 688 177 38 740 234 537 9 256 189 65 438 69 422 165 321 416 323
1 749 688 177 438 38 467 323 307 494 41 772 411 146 185 740 854 860 58 110
1 749 688 854 65 438 867 177 38 740 537 323 467 307 41 253 234 220 214 856
1 749 688 438 467 323 854 65 177 494 38 867 185 392 860 740 537 41 110 189
1 749 688 438 854 65 427 837 323 903 867 649 139 247 610 606 830 482 689 467
1 749 854 688 65 867 220 469 247 335 572 368 177 38 472 903 449 26 740 539
1 749 688 438 323 854 65 307 867 247 467 427 494 253 41 177 856 837 146 139
1 749 688 854 177 65 438 38 903 427 837 234 649 620 449 165 483 655 278 482
1 749 688 438 177 467 253 854 427 856 837 811 323 615 41 374 38 195 494 139
1 749 688 177 740 38 195 189 234 696 321 165 422 537 483 171 980 612 259 438
1 749 854 65 427 688 903 649 177 438 867 605 740 38 195 696 467 606 567 381
1 749 688 177 740 189 422 321 297 155 438 537 670 346 790 102 734 854 38 848
1 749 688 438 854 467 253 177 323 494 740 615 38 392 507 966 427 693 307 195
1 749 854 427 139 688 337 65 837 482 438 217 323 467 44 494 867 81 255 185
1 749 688 854 177 38 427 837 139 482 230 117 457 620 552 438 711 530 323 307
1 749 688 177 854 740 537 65 867 247 38 427 189 234 321 256 438 297 323 220
1 749 688 177 438 467 494 392 854 141 190 958 38 507 253 65 615 867 185 875
1 749 854 427 139 837 620 337 655 81 255 367 688 835 438 323 41 214 968 939
1 749 688 177 38 234 195 696 165 438 323 740 854 65 980 467 483 257 307 427
1 749 688 177 854 740 38 65 195 381 234 696 189 438 171 343 925 427 323 358
1 749 854 65 688 903 867 438 323 649 307 772 247 160 449 411 220 572 115 300
1 749 854 688 177 65 903 38 867 234 740 247 220 469 572 387 115 189 165 649
1 749 688 438 323 41 467 494 146 854 307 65 177 903 58 796 449 772 411 45
1 749 688 438 323 177 41 38 467 253 214 494 322 940 856 615 398 536 811 740
1 749 688 854 65 903 867 649 220 606 605 567 572 503 936 526 318 427 75 633
1 749 688 438 177 323 467 740 253 38 615 195 854 381 189 307 696 693 537 925
1 749 854 427 139 837 482 457 230 65 620 903 867 431 655 649 605 530 606 117
1 749 688 438 177 467 740 253 615 38 856 854 427 837 234 494 324 165 323 195
1 749 688 177 740 854 438 189 537 256 38 416 234 144 945 467 553 427 555 7
1 749 854 688 438 65 867 220 427 837 467 247 139 572 387 253 457 177 856 903
1 749 688 854 427 139 337 81 255 217 367 457 939 431 741 826 837 620 251 203
1 749 854 65 867 903 688 427 220 449 139 837 457 26 842 572 317 431 177 936
1 749 854 427 688 139 438 467 323 337 307 41 146 58 494 457 500 177 193 796
1 749 688 438 467 854 177 494 427 65 38 195 323 381 925 234 740 537 307 260
1 749 854 427 139 837 65 482 711 337 903 688 649 177 605 161 350 47 217 752
1 749 688 854 427 139 457 837 177 337 620 65 438 482 323 38 679 903 307 757
1 749 854 427 65 688 837 867 620 482 711 230 161 278 694 310 655 530 561 712
1 749 688 177 438 38 854 195 467 696 171 740 253 980 612 259 996 248 56 494
1 749 688 854 177 740 189 422 321 438 323 41 38 427 467 234 837 65 848 670
1 749 688 438 467 253 854 323 494 856 41 185 177 860 65 392 307 613 615 110
1 749 854 688 177 65 867 38 195 740 537 9 234 381 87 343 773 69 131 189
1 749 688 438 323 41 467 146 58 854 65 307 214 968 500 772 494 160 185 322
1 749 688 854 177 427 740 837 482 711 438 666 65 161 139 457 310 323 132 307
1 749 854 688 65 867 220 247 610 903 438 469 368 572 649 467 177 494 830 936
1 749 854 688 177 740 438 427 837 139 337 620 38 189 217 655 944 278 323 336
1 749 854 65 427 903 649 449 688 139 605 337 457 752 679 606 526 992 431 318
1 749 688 854 65 438 867 467 323 247 903 387 899 649 427 494 610 307 449 26
1 749 854 65 867 688 427 247 139 387 610 337 177 217 830 903 649 740 689 982
1 749 688 854 438 323 427 139 307 457 467 494 65 679 431 253 41 214 757 146
1 749 854 688 177 38 438 740 323 234 65 195 189 467 321 253 422 537 856 494
1 749 688 177 740 854 65 537 189 256 903 438 321 427 401 9 139 416 156 691
1 749 688 854 177 38 234 427 740 195 139 381 65 457 337 438 679 867 431 837
1 749 688 854 177 65 427 740 189 837 867 422 848 482 38 711 903 438 467 161
1 749 688 438 323 854 307 41 467 772 65 494 427 411 185 613 214 253 867 860
1 749 688 177 438 467 740 189 537 323 307 9 494 422 185 41 772 69 392 507
1 749 854 65 688 177 903 38 740 449 649 195 606 867 247 537 696 438 605 318
1 749 854 427 65 688 867 903 247 387 177 136 220 610 38 649 837 80 449 766
1 749 688 177 854 740 38 427 837 139 189 422 195 381 537 321 87 457 9 946
1 749 688 177 438 740 323 537 9 189 422 854 467 69 256 155 41 38 848 65
1 749 854 65 903 867 688 247 177 449 649 610 220 469 174 740 605 189 335 537
1 749 854 65 688 427 438 903 323 307 177 796 649 188 837 973 606 814 620 41
1 749 688 177 438 467 38 740 253 494 185 195 381 392 189 87 854 860 427 321
1 749 854 65 427 903 449 26 139 867 649 837 842 247 610 84 606 387 317 899
1 749 688 177 854 38 234 427 139 837 343 165 242 337 81 217 773 971 457 65
1 749 688 177 38 740 438 854 427 195 323 537 837 189 620 278 321 694 482 256
1 749 854 427 139 65 457 867 688 903 649 679 220 606 449 842 438 680 624 567
1 749 688 177 740 438 467 537 38 494 185 392 9 69 323 691 362 593 613 489
1 749 688 438 854 427 467 253 494 185 139 323 615 307 324 413 816 772 831 383
1 749 688 854 65 427 177 139 457 867 337 740 220 903 189 449 537 321 256 297
1 749 688 854 177 65 438 427 740 323 307 189 903 649 139 321 606 867 796 297
1 749 854 427 139 337 81 826 217 44 203 255 608 587 457 683 65 616 947 867
1 749 854 65 688 177 903 449 427 139 649 740 537 337 605 38 81 826 26 256
1 749 688 177 740 854 38 438 427 537 65 867 247 837 139 620 467 195 220 572
1 749 854 427 688 139 457 65 438 837 323 307 620 41 337 81 679 431 217 796
1 749 688 438 323 177 38 740 189 537 9 422 69 854 307 195 256 416 362 381
1 749 854 427 688 139 438 457 431 323 337 741 251 708 81 262 41 961 837 146
1 749 854 688 65 438 177 38 234 323 867 467 307 165 740 41 247 214 253 427
1 749 854 427 65 903 688 837 177 139 482 38 234 457 230 649 438 195 711 337
1 749 854 427 139 457 679 680 624 757 540 879 688 65 903 602 181 388 438 449
1 749 854 688 438 427 467 139 253 65 323 41 177 903 494 185 649 392 449 457
1 749 854 65 903 449 427 842 84 688 867 220 317 562 139 438 837 620 572 649
1 749 854 427 837 620 688 177 740 65 903 438 867 482 247 449 711 649 842 278
1 749 854 688 427 438 837 620 278 467 253 655 494 482 856 944 230 65 811 392
1 749 688 177 438 854 427 837 65 323 467 41 38 234 482 146 903 139 165 253
1 749 854 427 139 457 837 679 337 81 255 65 217 44 903 649 867 605 982 951
1 749 854 427 837 482 65 903 230 867 117 139 220 449 711 337 26 649 217 138
1 749 688 854 438 467 323 494 392 41 307 65 214 507 966 772 867 146 322 411
1 749 688 438 467 253 177 740 189 615 321 324 693 413 670 907 839 786 323 137
1 749 854 65 903 427 449 867 247 220 469 842 335 84 837 649 139 482 368 26
1 749 854 688 177 427 438 38 139 65 234 867 343 457 323 773 837 195 220 482
1 749 688 854 65 427 867 220 247 438 572 469 177 387 323 335 467 899 368 307
1 749 854 688 177 38 234 165 65 483 343 242 438 467 773 592 131 253 427 257
1 749 854 65 867 688 427 837 903 482 177 230 220 117 449 26 552 549 842 572
1 749 688 177 854 438 740 467 65 189 321 422 427 38 537 155 494 234 165 592
1 749 688 177 438 38 323 195 467 854 696 494 392 507 253 171 65 427 980 139
1 749 688 177 740 537 438 467 9 691 494 69 928 185 333 444 237 38 613 520
1 749 854 65 688 867 438 467 177 494 740 185 427 323 837 537 392 613 189 860
1 749 688 438 854 177 467 494 323 307 253 41 427 740 146 615 856 796 38 234
1 749 688 177 854 438 740 38 537 256 323 467 427 837 41 195 401 146 214 535
1 749 688 438 467 253 177 323 494 38 41 214 968 392 856 615 195 185 146 507
1 749 688 854 65 438 427 323 307 177 41 772 467 494 185 214 968 38 796 852
1 749 854 427 65 688 438 467 494 837 482 620 711 655 253 185 666 323 278 860
1 749 688 854 427 65 903 867 139 449 177 438 740 842 537 9 323 247 467 494
1 749 688 177 740 438 467 323 854 427 139 38 494 195 307 337 65 41 214 457
1 749 854 688 65 867 220 427 469 837 247 335 50 610 482 230 117 903 177 649
1 749 854 65 427 867 837 482 220 469 230 903 335 572 688 50 438 597 711 666
1 749 688 177 854 38 740 65 195 189 422 537 9 691 69 903 928 848 333 256
1 749 854 427 688 139 65 903 649 867 606 457 438 323 449 220 605 467 526 469
1 749 688 438 467 854 427 139 177 337 81 253 65 740 494 826 457 615 679 392
1 749 688 438 177 740 323 854 537 256 416 38 401 144 65 307 189 41 146 867
1 749 688 438 854 467 427 253 323 65 615 693 494 867 903 41 247 307 220 146
1 749 854 65 688 438 177 427 139 867 337 740 189 38 220 837 482 422 321 217
1 749 854 427 688 837 438 323 482 65 230 620 530 711 177 49 38 903 161 666
1 749 688 438 467 177 740 537 9 494 185 189 253 856 811 691 520 69 256 392
1 749 854 427 837 139 620 688 65 457 903 655 278 561 337 81 712 679 431 438
1 749 854 427 65 837 482 711 867 620 230 278 655 903 649 688 139 247 666 387
1 749 854 427 139 65 837 482 620 688 278 867 655 247 177 561 337 336 944 438
1 749 688 854 65 438 903 449 842 867 427 467 494 247 185 613 139 177 860 715
1 749 854 65 867 247 427 139 387 220 337 457 572 903 837 81 469 255 826 688
1 749 854 688 65 903 649 606 605 438 177 867 247 526 567 220 427 449 842 84
1 749 854 688 427 65 139 438 337 903 649 81 177 449 26 606 526 467 867 255
1 749 854 427 688 65 438 837 177 867 323 247 740 41 38 620 903 195 449 146
1 749 688 438 177 854 467 427 494 253 65 903 185 837 449 613 740 323 842 189
1 749 688 438 177 854 427 139 740 189 321 38 422 837 670 620 337 297 848 278
1 749 854 427 688 65 177 903 38 449 740 842 317 649 234 26 438 537 195 229
1 749 688 854 438 323 177 307 427 796 41 188 38 214 467 139 195 234 322 65
1 749 688 177 38 740 195 438 189 422 696 321 854 155 537 171 427 837 234 482
1 749 854 427 688 139 65 457 837 337 867 620 247 610 81 655 217 903 387 174
1 749 688 854 177 427 740 139 189 837 537 337 217 81 255 587 482 711 348 9
1 749 854 688 177 427 38 195 381 87 139 925 946 438 740 187 537 467 189 260
1 749 688 177 438 854 65 427 837 482 740 537 256 711 161 666 158 189 139 401
1 749 854 688 177 740 537 438 256 323 416 9 509 427 144 837 65 307 139 691
1 749 688 854 427 438 139 65 323 307 837 177 796 457 467 903 679 337 38 81
1 749 688 854 438 467 177 253 740 189 537 494 856 321 297 392 427 619 9 323
1 749 688 438 177 323 307 41 146 854 772 193 160 412 332 214 58 65 427 999
1 749 688 177 438 38 234 165 343 483 773 131 242 257 194 647 854 656 971 592
1 749 854 688 427 65 139 337 903 177 217 740 537 982 9 81 559 449 842 691
1 749 854 65 688 867 247 610 174 313 387 177 740 899 737 903 849 527 38 234
1 749 854 65 867 427 837 903 688 649 177 620 139 220 655 38 234 944 740 449
1 749 688 854 427 177 65 139 38 438 234 867 195 343 381 247 696 610 220 387
1 749 854 427 688 177 65 139 337 837 620 867 740 247 387 457 899 482 81 217
1 749 854 427 837 65 688 482 230 903 867 177 649 139 449 842 220 438 247 117
1 749 688 854 177 740 65 427 837 537 139 438 482 9 337 69 256 711 620 467
1 749 854 688 65 427 903 438 139 649 467 323 253 856 307 177 38 615 772 796
1 749 688 438 177 854 427 467 139 65 740 337 81 217 189 422 982 321 670 323
1 749 854 688 177 427 740 837 537 482 65 139 620 438 323 467 494 307 796 189
1 749 854 427 837 65 620 688 139 337 81 826 867 177 457 255 203 903 482 278
1 749 688 438 323 41 467 214 494 392 968 177 141 38 307 740 234 531 537 9
1 749 854 65 903 649 688 438 605 867 318 427 606 220 244 526 338 469 567 449
1 749 854 65 867 688 177 903 220 438 323 572 38 936 829 115 449 467 41 214
1 749 688 177 438 38 323 854 427 740 189 307 422 234 796 195 537 256 155 41
1 749 688 177 38 195 438 696 980 854 511 171 381 51 65 427 139 18 612 996
1 749 688 438 177 740 323 467 307 796 852 99 41 494 146 188 707 392 119 505
1 749 854 688 177 427 837 482 230 740 438 467 323 530 49 139 189 457 117 537
1 749 688 177 438 854 740 427 189 537 9 69 139 467 256 837 620 337 691 494
1 749 854 65 688 438 323 903 177 467 449 649 38 26 494 229 842 195 901 427
1 749 688 438 467 494 323 177 392 253 854 65 507 856 38 41 615 185 903 427
1 749 688 177 854 427 38 234 139 740 165 592 537 256 438 65 401 343 867 903
1 749 688 438 177 323 467 494 392 507 740 38 537 195 709 234 381 966 855 307
1 749 854 427 688 837 139 438 65 482 620 711 457 431 262 278 230 177 666 73
1 749 854 427 65 688 837 177 620 867 438 482 903 740 649 230 117 711 278 220
1 749 688 854 65 867 247 387 177 740 610 38 438 899 118 770 314 220 174 537
1 749 854 688 427 65 438 139 323 41 903 449 467 177 842 26 38 84 837 229
1 749 854 427 837 688 482 711 177 38 438 467 740 230 323 307 139 337 195 772
1 749 688 177 854 38 438 195 427 837 482 620 467 234 323 494 185 343 230 696
1 749 854 688 438 65 177 323 38 740 189 321 195 41 670 467 867 696 220 537
1 749 854 688 65 438 177 903 867 467 38 323 427 234 139 343 773 449 494 185
1 749 688 438 467 177 740 38 854 189 323 422 41 65 427 146 537 193 837 58
1 749 854 65 903 649 606 526 449 688 605 427 438 26 323 752 318 992 41 567
1 749 688 854 177 427 438 467 65 323 139 494 337 740 81 41 837 217 537 44
1 749 688 438 854 467 65 253 615 693 323 805 494 577 856 392 565 507 41 903
1 749 854 65 867 247 220 903 649 688 427 449 842 605 469 26 572 84 139 335
1 749 688 438 467 177 740 38 234 189 323 195 696 343 171 358 543 307 494 422
1 749 854 65 688 903 438 467 494 177 253 323 867 740 392 189 856 220 38 615
1 749 854 688 438 323 65 41 177 146 307 867 740 193 214 427 999 464 376 139
1 749 854 688 177 65 438 740 323 427 537 9 903 41 256 449 837 38 467 691
1 749 854 427 688 438 837 65 177 467 482 620 740 494 38 903 253 649 449 278
1 749 688 854 427 177 65 139 438 837 903 323 337 620 278 38 41 457 467 195
1 749 688 854 438 323 307 65 427 772 41 411 139 337 467 796 457 160 217 494
1 749 688 854 427 837 620 278 438 482 230 117 177 323 307 552 138 740 561 796
1 749 854 688 427 139 337 837 217 81 177 255 982 587 38 620 457 740 195 655
1 749 688 438 177 467 740 494 185 860 189 613 110 38 528 537 854 253 856 321
1 749 854 688 177 65 427 740 139 38 903 438 337 837 467 323 253 195 217 81
1 749 854 688 65 903 449 26 901 990 229 867 177 857 220 842 427 469 139 317
1 749 854 688 427 65 867 837 620 220 482 903 247 655 944 387 278 694 177 136
1 749 688 854 65 177 427 438 323 903 41 740 38 837 146 58 234 165 649 214
1 749 688 854 65 903 438 649 467 323 253 605 867 41 177 856 247 752 610 318
1 749 854 65 903 427 449 649 606 842 139 867 605 220 84 837 752 26 247 620
1 749 688 854 438 323 307 65 427 467 867 253 796 772 160 41 214 412 968 531
1 749 688 854 427 177 837 38 620 65 903 449 867 740 649 247 387 899 482 136
1 749 688 854 427 139 438 337 837 482 711 230 217 117 138 666 467 912 177 44
1 749 854 427 688 837 139 620 482 457 438 177 337 81 655 431 826 929 828 679
1 749 688 177 438 740 467 537 854 323 253 615 693 129 420 991 38 743 41 195
1 749 854 427 837 620 655 944 278 913 895 570 197 785 286 211 139 52 243 482
1 749 854 65 427 867 903 220 139 449 26 688 837 482 469 177 740 335 537 572
1 749 688 438 854 467 253 177 65 867 856 494 740 537 427 38 234 195 165 323
1 749 688 438 177 740 38 537 195 323 854 189 234 467 253 422 615 307 693 696
1 749 854 427 139 457 65 837 337 620 482 655 688 278 177 694 867 903 431 217
1 749 854 688 427 438 139 323 41 177 307 65 903 449 837 482 230 772 26 38
1 749 688 177 38 854 195 427 139 65 867 903 696 649 449 605 740 752 318 337
1 749 854 427 688 65 438 177 139 903 337 467 740 867 537 457 9 431 189 691
1 749 854 65 903 649 449 688 605 842 317 177 867 220 26 247 606 591 318 244
1 749 688 854 427 438 139 323 41 146 457 177 467 253 307 856 337 65 679 811
1 749 688 854 427 438 837 482 467 139 620 253 856 230 530 65 323 711 903 867
1 749 688 177 854 740 427 65 903 38 537 189 837 321 422 649 155 438 9 297
1 749 688 177 438 38 195 323 381 467 307 87 494 740 796 696 714 59 234 852
1 749 688 177 438 740 467 854 253 38 323 856 619 41 427 146 541 758 494 214
1 749 688 438 323 177 740 854 537 189 321 9 38 422 65 234 848 691 245 343
1 749 854 65 867 427 139 220 903 449 457 679 26 901 688 229 990 438 496 337
1 749 854 688 177 427 837 65 438 620 139 655 336 323 944 467 494 867 307 796
1 749 688 438 177 740 467 189 253 856 494 392 615 38 195 693 854 141 922 502
1 749 688 177 438 38 467 323 494 234 253 615 195 854 343 65 773 131 242 696
1 749 854 65 688 903 427 438 837 323 41 482 146 307 620 230 177 449 842 26
1 749 688 854 427 65 438 323 467 903 867 494 247 139 649 307 41 457 337 177
1 749 854 65 867 247 688 610 177 38 438 234 903 649 174 467 449 842 84 387
1 749 688 177 854 65 438 867 38 220 234 740 572 903 449 323 26 115 644 977
1 749 854 688 427 438 467 139 837 482 457 494 185 177 711 431 392 620 253 278
1 749 688 854 427 837 482 139 438 337 467 494 65 81 253 323 457 431 230 117
1 749 854 688 427 65 438 467 139 837 494 253 620 615 278 323 185 694 324 337
1 749 854 65 903 449 26 649 867 229 605 427 139 337 220 469 688 438 842 247
1 749 854 427 688 837 482 620 139 65 230 655 278 530 337 117 903 694 987 573
1 749 854 65 903 688 649 605 867 177 318 473 244 449 97 682 810 184 26 220
1 749 854 688 427 65 903 867 139 220 247 469 457 368 387 438 177 467 837 494
1 749 854 688 177 740 438 65 427 467 903 837 494 482 253 711 189 649 139 230
1 749 854 427 837 139 482 688 230 65 711 457 867 337 431 903 247 117 387 262
1 749 854 65 427 139 903 449 649 842 837 317 620 655 457 337 482 591 278 733
1 749 688 854 177 427 38 65 195 903 381 837 740 139 867 925 438 187 482 337
1 749 854 65 867 688 177 220 427 903 649 606 449 469 837 247 26 368 567 387
1 749 688 854 65 177 867 38 234 903 427 438 467 343 253 494 185 165 740 220
1 749 688 438 854 323 467 253 427 65 867 220 307 615 324 903 796 177 247 188
1 749 688 438 854 467 177 427 323 837 482 230 307 38 711 234 796 530 161 681
1 749 854 65 867 427 220 837 688 620 903 438 449 26 467 469 253 901 482 842
1 749 854 65 427 867 220 572 115 469 139 840 644 288 642 368 903 936 649 457
1 749 854 688 177 740 438 65 903 189 867 537 321 247 297 387 9 69 220 38
1 749 854 427 688 837 177 740 65 38 867 195 220 381 469 903 696 171 335 572
1 749 688 854 65 438 323 41 307 214 968 177 796 467 38 253 188 973 903 531
1 749 688 854 177 740 38 234 65 438 537 427 9 691 867 343 837 467 494 392
1 749 854 65 903 688 438 467 427 323 867 307 796 41 852 119 837 188 99 177
1 749 854 65 903 688 649 606 567 605 427 438 526 837 318 473 447 37 867 97
1 749 854 65 867 903 247 449 387 427 837 139 649 136 606 567 337 899 80 610
1 749 688 854 438 427 323 307 41 837 482 214 467 230 65 796 711 867 161 188
1 749 854 427 837 139 482 711 65 230 620 117 161 530 350 49 681 903 78 603
1 749 688 438 323 467 854 177 253 65 41 740 214 867 968 427 307 322 537 398
1 749 854 427 139 837 457 620 65 337 688 903 482 431 649 278 262 655 561 710
1 749 688 854 438 427 139 177 38 337 457 65 740 81 837 195 467 482 494 826
1 749 854 65 867 220 427 247 837 482 139 711 666 230 337 688 132 81 903 530
1 749 854 688 65 427 177 139 837 482 438 740 711 867 467 337 903 230 117 649
1 749 854 688 65 903 177 649 438 449 740 867 220 26 572 606 38 427 247 234
1 749 854 427 837 620 65 867 139 903 649 457 688 337 247 679 431 220 741 262
1 749 688 854 177 38 195 696 234 427 171 980 511 358 139 438 467 323 740 51
1 749 854 65 688 427 438 177 903 323 467 38 195 381 740 494 139 307 189 867
1 749 854 65 867 427 139 457 837 247 431 337 688 438 467 323 679 253 856 757
1 749 854 688 438 427 139 177 740 537 38 9 195 837 482 711 666 467 158 337
1 749 688 177 740 854 427 38 65 537 256 416 189 139 337 457 867 422 401 679
1 749 688 177 38 854 438 740 467 234 65 903 427 139 867 195 253 649 337 323
1 749 854 65 867 427 247 610 139 220 174 387 313 148 527 737 830 544 837 475
1 749 688 854 65 867 427 247 139 610 457 438 323 41 146 837 58 387 193 999
1 749 854 65 688 438 867 220 177 469 323 307 335 427 247 41 38 772 160 411
1 749 688 438 177 740 323 467 307 253 856 494 189 392 811 507 529 185 860 966
1 749 688 177 38 438 740 537 9 256 416 69 362 854 928 65 593 195 401 156
1 749 688 438 854 65 177 903 323 740 307 467 867 449 38 842 84 317 733 591
1 749 688 177 740 438 537 9 256 691 854 401 69 520 928 38 234 703 165 323
1 749 854 427 688 837 438 139 620 655 65 457 903 467 944 323 253 856 177 913
1 749 688 438 467 323 854 494 392 427 307 837 772 482 230 253 141 117 177 711
1 749 688 177 854 38 740 537 256 189 9 427 837 416 401 691 65 321 69 670
1 749 688 177 740 38 854 438 427 65 467 867 537 247 195 387 139 837 234 457
1 749 688 177 38 740 438 467 494 392 253 854 507 966 189 855 32 321 728 709
1 749 688 177 854 38 427 65 867 234 740 903 247 387 165 592 837 610 649 174
1 749 688 854 177 740 65 427 438 837 867 482 38 903 467 711 449 253 666 856
1 749 688 854 65 438 867 427 467 903 323 139 337 177 740 837 307 449 772 38
1 749 854 427 65 903 139 867 449 688 457 679 247 757 837 680 387 438 879 620
1 749 688 854 427 65 139 837 867 247 610 457 337 482 830 230 117 711 138 438
1 749 688 438 467 854 65 323 253 177 307 796 772 903 160 41 411 856 146 58
1 749 854 65 427 837 482 867 230 530 903 247 387 139 649 688 49 78 457 177
1 749 854 688 177 427 38 139 195 65 867 438 837 323 467 234 457 431 696 903
1 749 854 427 837 688 177 482 139 337 438 230 38 620 65 711 467 867 655 117
1 749 854 65 688 438 427 177 323 903 41 837 146 740 867 467 649 214 139 322
1 749 688 854 427 438 177 65 903 837 449 867 482 230 38 711 247 649 605 530
1 749 854 688 427 139 337 65 837 903 81 177 649 620 605 438 867 247 826 467
1 749 688 177 854 38 65 438 903 649 449 323 41 26 234 229 307 796 146 605
1 749 688 438 854 467 253 615 856 65 324 867 427 177 139 494 693 323 337 413
1 749 854 427 65 903 837 449 26 688 867 220 482 230 139 620 247 438 655 117
1 749 854 688 438 323 65 467 494 867 307 41 247 903 253 220 387 177 649 899
1 749 854 65 688 867 438 323 220 572 115 427 467 936 644 177 903 469 253 649
